analysis_version,block_id,block_index,candidate_hash,cell_key,configuration_hash,configuration_id,data_hash,denominator_sets.planned_ids,functional.F.denominator,functional.F.numerator,functional.F.source,functional.F.status,functional.F.unit,functional.F.value,functional.R.R1.source,functional.R.R1.status,functional.R.R1.unit,functional.R.R1.value,functional.R.R2.source,functional.R.R2.status,functional.R.R2.unit,functional.R.R2.value,functional.R.R3.source,functional.R.R3.status,functional.R.R3.unit,functional.R.R3.value,functional.R.R4.source,functional.R.R4.status,functional.R.R4.unit,functional.R.R4.value,functional.R.R5.source,functional.R.R5.status,functional.R.R5.unit,functional.R.R5.value,functional.R.R6.source,functional.R.R6.status,functional.R.R6.unit,functional.R.R6.value,functional.T.source,functional.T.status,functional.T.unit,functional.T.value,functional.T_criteria.T1.reason,functional.T_criteria.T1.source,functional.T_criteria.T1.status,functional.T_criteria.T1.unit,functional.T_criteria.T1.value,functional.T_criteria.T1.value_kind,functional.T_criteria.T2.reason,functional.T_criteria.T2.source,functional.T_criteria.T2.status,functional.T_criteria.T2.unit,functional.T_criteria.T2.value,functional.T_criteria.T2.value_kind,functional.T_criteria.T3.reason,functional.T_criteria.T3.source,functional.T_criteria.T3.status,functional.T_criteria.T3.unit,functional.T_criteria.T3.value,functional.T_criteria.T3.value_kind,functional.T_criteria.T4.reason,functional.T_criteria.T4.source,functional.T_criteria.T4.status,functional.T_criteria.T4.unit,functional.T_criteria.T4.value,functional.T_criteria.T4.value_kind,functional.T_criteria.T5.reason,functional.T_criteria.T5.source,functional.T_criteria.T5.status,functional.T_criteria.T5.unit,functional.T_criteria.T5.value,functional.T_criteria.T5.value_kind,functional.full_success.source,functional.full_success.status,functional.full_success.unit,functional.full_success.value,id,in_b_e,missing,position,resources.abort_seconds.reason,resources.abort_seconds.status,resources.abort_seconds.unit,resources.abort_seconds.value,resources.call_count,resources.context_preparation_seconds.reason,resources.context_preparation_seconds.status,resources.context_preparation_seconds.unit,resources.context_preparation_seconds.value,resources.costs.amount,resources.costs.currency,resources.costs.known_subtotal,resources.costs.status,resources.evaluation_seconds.reason,resources.evaluation_seconds.status,resources.evaluation_seconds.unit,resources.evaluation_seconds.value,resources.inference_seconds.reason,resources.inference_seconds.status,resources.inference_seconds.unit,resources.inference_seconds.value,resources.load_seconds.reason,resources.load_seconds.status,resources.load_seconds.unit,resources.load_seconds.value,resources.manual_review_seconds.reason,resources.manual_review_seconds.status,resources.manual_review_seconds.unit,resources.manual_review_seconds.value,resources.outage_seconds.reason,resources.outage_seconds.source,resources.outage_seconds.status,resources.outage_seconds.unit,resources.outage_seconds.value,resources.outage_seconds.value_kind,resources.pause_seconds.reason,resources.pause_seconds.source,resources.pause_seconds.status,resources.pause_seconds.unit,resources.pause_seconds.value,resources.pause_seconds.value_kind,resources.pipeline_seconds.reason,resources.pipeline_seconds.source,resources.pipeline_seconds.status,resources.pipeline_seconds.unit,resources.pipeline_seconds.value,resources.pipeline_seconds.value_kind,resources.repair_count,resources.retry_seconds.reason,resources.retry_seconds.status,resources.retry_seconds.unit,resources.retry_seconds.value,resources.setup_seconds.reason,resources.setup_seconds.status,resources.setup_seconds.unit,resources.setup_seconds.value,resources.tokens.cache_read.denominator_transport_ids,resources.tokens.cache_read.known_subtotal,resources.tokens.cache_read.status,resources.tokens.cache_read.unit,resources.tokens.cache_read.valid_transport_ids,resources.tokens.cache_read.value,resources.tokens.cache_write.denominator_transport_ids,resources.tokens.cache_write.known_subtotal,resources.tokens.cache_write.status,resources.tokens.cache_write.unit,resources.tokens.cache_write.valid_transport_ids,resources.tokens.cache_write.value,resources.tokens.input.denominator_transport_ids,resources.tokens.input.known_subtotal,resources.tokens.input.status,resources.tokens.input.unit,resources.tokens.input.valid_transport_ids,resources.tokens.input.value,resources.tokens.other.denominator_transport_ids,resources.tokens.other.known_subtotal,resources.tokens.other.status,resources.tokens.other.unit,resources.tokens.other.valid_transport_ids,resources.tokens.other.value,resources.tokens.output.denominator_transport_ids,resources.tokens.output.known_subtotal,resources.tokens.output.status,resources.tokens.output.unit,resources.tokens.output.valid_transport_ids,resources.tokens.output.value,resources.tokens.reasoning.denominator_transport_ids,resources.tokens.reasoning.known_subtotal,resources.tokens.reasoning.status,resources.tokens.reasoning.unit,resources.tokens.reasoning.valid_transport_ids,resources.tokens.reasoning.value,resources.tokens.total.denominator_transport_ids,resources.tokens.total.known_subtotal,resources.tokens.total.status,resources.tokens.total.unit,resources.tokens.total.valid_transport_ids,resources.tokens.total.value,resources.total_seconds.reason,resources.total_seconds.source,resources.total_seconds.status,resources.total_seconds.unit,resources.total_seconds.value,resources.total_seconds.value_kind,resources.transport_count,run_id,state.candidate_id,state.ended_at,state.evaluation,state.execution,state.result.reason,state.result.source,state.result.status,state.result.unit,state.result.value,state.result.value_kind,state.seal,state.terminal_cause,static.D.source,static.D.status,static.D.unit,static.D.value,static.L.source,static.L.status,static.L.unit,static.L.value,static.S.denominator,static.S.numerator,static.S.source,static.S.status,static.S.unit,static.S.value,static.analysis_complete,table_unit
M7-analysis-v5,2394b234-0bc9-5e4f-b3e2-b83fed46e68b,1,3f84b747bd1f85e0ca02784596b28635a58f099d2280c11d6a58a2a96314c85f,E-AB,e1ea2ccf80fbb81f94b29b70bdd06508e2b9419500b1ca0ecfd5317a4540e358,37d46947-813a-4296-a328-81c505b1dba7,dbb63e68d4ed9e904fa985aa5b88d674205b6caab086a8d981ac8918a9c68fb5,"[""4afc763c-033e-501c-9c9c-453207d31e62"",""1fed9611-d0cc-51e5-86e7-4ba237c836a2"",""0e4d4039-5409-5be7-a300-ded85e9c22d7"",""1c4afc6f-6679-57b7-ab6b-cec3053e85a1"",""76216ff6-0dab-5f43-913f-741c2deb7596"",""fe7c5fea-171a-5d3e-b93c-b9d53dca7c67"",""784c942d-b222-5013-a2e4-de4aa477a143"",""2f2d84f4-6f41-5df7-a828-cc0a3d9cdddf"",""c68f6332-f200-5595-940d-e5bcad78f1fe"",""54c3aba8-cb42-5023-9591-5cdd68bdd7c5"",""b9ac296e-4c6c-5cdc-9e03-14868c124af2"",""022ddff9-4332-5ba5-b884-42537f220a0c"",""0d262496-18e1-5973-84a6-84fbda64d0ff"",""447860c8-1d56-518b-88ad-7e103990b756"",""616ecfda-7163-5a8d-ba60-01f623d8b124"",""656bacfc-b102-5379-8db2-2f9f127621e0"",""88f2e658-6155-5924-bc85-63fe2aabb08a"",""9f032fb3-90ca-5749-aff5-1065077ac10e"",""4d2e4005-a84b-525b-a492-d367c5e405d0"",""12b20e20-e117-5c00-83bc-e589b92b730e"",""e97a5398-37b9-5e89-91a9-9b3ae48d9534"",""7a8f92c5-5f85-593a-bf90-08e13c60a2e6"",""aa66f5e3-ac0e-57d6-9b69-aa54ea7c4fb9"",""d07b7490-853e-562b-b662-305e89e7718d"",""596c0800-372d-5056-8a35-9f8661656bf4"",""d08816e6-d4d6-5f35-9de3-d86528fa7a96"",""2e126757-f17e-5ee2-93db-94d31ed944b2"",""5e1af4e2-330f-563f-b639-2d3cd8d276c8"",""49cd1889-2a56-5913-8723-929335f68874"",""82b898ba-3b6d-567f-8996-4f259b74547e"",""d38eb7d2-e78b-5c2f-93e4-2e34846e80e6"",""33effc64-dcfe-5ced-badf-c4df49f68dc1"",""a3a03b99-34c0-504b-b529-32b798db318a"",""8b3ec7b0-123f-5597-95f7-1fafc5810d01"",""035c5442-19b8-5a84-8a59-b352a9660279"",""d6d45010-72fa-5741-b733-88958a8795d2"",""ab8215e5-b753-5a6a-a4e7-ad9caf42eeac"",""1b20061c-b208-551a-b06c-81ffeff623fc"",""9b6d0913-2ae6-5dab-ab36-d05e1c51b208"",""a27c1fb2-edc1-57e6-9d74-adb5a13fed3b"",""4696448b-8c21-591b-80cc-7344ea0b95ec"",""c1d75a33-928c-5636-b99c-def1fb29e0f5"",""61eebfb6-2555-5bce-ba71-7a750427392a"",""aba074a1-d451-595d-bc12-e257adbe7383"",""1ca34094-ee4d-5962-a78a-174d361a9cd3"",""7edb0577-da07-5c6f-8391-bb90e9822165"",""d7c5d484-54dc-5d1e-a3ac-65d60267a12c"",""f416cc8b-3bc2-5c4c-a91c-c56faf748684""]",1,1,M7 exact derivation,observed,ratio,1,M7 exact derivation,observed,binary,1,M7 exact derivation,observed,binary,1,M7 exact derivation,observed,binary,1,M7 exact derivation,observed,binary,1,M7 exact derivation,observed,binary,1,M7 exact derivation,observed,binary,1,M7 exact derivation,observed,binary,1,,M6-evaluator-v1,observed,binary,1,decimal,,Menschliche lokale Selbstauskunft,observed,binary,1,decimal,,Menschliche lokale Selbstauskunft,observed,binary,1,decimal,,Menschliche lokale Selbstauskunft,observed,binary,1,decimal,,M6-evaluator-v1,observed,binary,1,decimal,M7 exact derivation,observed,binary,1,4afc763c-033e-501c-9c9c-453207d31e62,True,,1,Not collected,not_collected,s,,6,Not collected,not_collected,s,,0.1368419752,USD,0.1368419752,known,Not collected,not_collected,s,,Not collected,not_collected,s,,Not collected,not_collected,s,,Not collected,not_collected,s,,,385c4d33-8d38-49ac-b28f-19c63e8b5625,observed,s,0,decimal,,385c4d33-8d38-49ac-b28f-19c63e8b5625,observed,s,0,decimal,,385c4d33-8d38-49ac-b28f-19c63e8b5625,observed,s,671.353462761,decimal,1,Not collected,not_collected,s,,Not collected,not_collected,s,,"[""5a92829b-2287-458d-9b6c-2fc9dffac633"",""ccea4b23-3b56-4ded-88f4-7cee1a6d7b11"",""d1409c54-e16e-43bf-8d0a-3003c5e10d06"",""918150e1-92eb-496b-b49c-3aade95e6011"",""7ad33aff-1cd6-4ed0-9ae4-8a4c868d28dc"",""87874eac-f2da-49e0-90b3-ea163e966f3f""]",256,complete,tokens,"[""5a92829b-2287-458d-9b6c-2fc9dffac633"",""ccea4b23-3b56-4ded-88f4-7cee1a6d7b11"",""d1409c54-e16e-43bf-8d0a-3003c5e10d06"",""918150e1-92eb-496b-b49c-3aade95e6011"",""7ad33aff-1cd6-4ed0-9ae4-8a4c868d28dc"",""87874eac-f2da-49e0-90b3-ea163e966f3f""]",256,"[""5a92829b-2287-458d-9b6c-2fc9dffac633"",""ccea4b23-3b56-4ded-88f4-7cee1a6d7b11"",""d1409c54-e16e-43bf-8d0a-3003c5e10d06"",""918150e1-92eb-496b-b49c-3aade95e6011"",""7ad33aff-1cd6-4ed0-9ae4-8a4c868d28dc"",""87874eac-f2da-49e0-90b3-ea163e966f3f""]",569176,complete,tokens,"[""5a92829b-2287-458d-9b6c-2fc9dffac633"",""ccea4b23-3b56-4ded-88f4-7cee1a6d7b11"",""d1409c54-e16e-43bf-8d0a-3003c5e10d06"",""918150e1-92eb-496b-b49c-3aade95e6011"",""7ad33aff-1cd6-4ed0-9ae4-8a4c868d28dc"",""87874eac-f2da-49e0-90b3-ea163e966f3f""]",569176,"[""5a92829b-2287-458d-9b6c-2fc9dffac633"",""ccea4b23-3b56-4ded-88f4-7cee1a6d7b11"",""d1409c54-e16e-43bf-8d0a-3003c5e10d06"",""918150e1-92eb-496b-b49c-3aade95e6011"",""7ad33aff-1cd6-4ed0-9ae4-8a4c868d28dc"",""87874eac-f2da-49e0-90b3-ea163e966f3f""]",875156,complete,tokens,"[""5a92829b-2287-458d-9b6c-2fc9dffac633"",""ccea4b23-3b56-4ded-88f4-7cee1a6d7b11"",""d1409c54-e16e-43bf-8d0a-3003c5e10d06"",""918150e1-92eb-496b-b49c-3aade95e6011"",""7ad33aff-1cd6-4ed0-9ae4-8a4c868d28dc"",""87874eac-f2da-49e0-90b3-ea163e966f3f""]",875156,"[""5a92829b-2287-458d-9b6c-2fc9dffac633"",""ccea4b23-3b56-4ded-88f4-7cee1a6d7b11"",""d1409c54-e16e-43bf-8d0a-3003c5e10d06"",""918150e1-92eb-496b-b49c-3aade95e6011"",""7ad33aff-1cd6-4ed0-9ae4-8a4c868d28dc"",""87874eac-f2da-49e0-90b3-ea163e966f3f""]",,missing,tokens,[],,"[""5a92829b-2287-458d-9b6c-2fc9dffac633"",""ccea4b23-3b56-4ded-88f4-7cee1a6d7b11"",""d1409c54-e16e-43bf-8d0a-3003c5e10d06"",""918150e1-92eb-496b-b49c-3aade95e6011"",""7ad33aff-1cd6-4ed0-9ae4-8a4c868d28dc"",""87874eac-f2da-49e0-90b3-ea163e966f3f""]",53515,complete,tokens,"[""5a92829b-2287-458d-9b6c-2fc9dffac633"",""ccea4b23-3b56-4ded-88f4-7cee1a6d7b11"",""d1409c54-e16e-43bf-8d0a-3003c5e10d06"",""918150e1-92eb-496b-b49c-3aade95e6011"",""7ad33aff-1cd6-4ed0-9ae4-8a4c868d28dc"",""87874eac-f2da-49e0-90b3-ea163e966f3f""]",53515,"[""5a92829b-2287-458d-9b6c-2fc9dffac633"",""ccea4b23-3b56-4ded-88f4-7cee1a6d7b11"",""d1409c54-e16e-43bf-8d0a-3003c5e10d06"",""918150e1-92eb-496b-b49c-3aade95e6011"",""7ad33aff-1cd6-4ed0-9ae4-8a4c868d28dc"",""87874eac-f2da-49e0-90b3-ea163e966f3f""]",44072,complete,tokens,"[""5a92829b-2287-458d-9b6c-2fc9dffac633"",""ccea4b23-3b56-4ded-88f4-7cee1a6d7b11"",""d1409c54-e16e-43bf-8d0a-3003c5e10d06"",""918150e1-92eb-496b-b49c-3aade95e6011"",""7ad33aff-1cd6-4ed0-9ae4-8a4c868d28dc"",""87874eac-f2da-49e0-90b3-ea163e966f3f""]",44072,"[""5a92829b-2287-458d-9b6c-2fc9dffac633"",""ccea4b23-3b56-4ded-88f4-7cee1a6d7b11"",""d1409c54-e16e-43bf-8d0a-3003c5e10d06"",""918150e1-92eb-496b-b49c-3aade95e6011"",""7ad33aff-1cd6-4ed0-9ae4-8a4c868d28dc"",""87874eac-f2da-49e0-90b3-ea163e966f3f""]",928671,complete,tokens,"[""5a92829b-2287-458d-9b6c-2fc9dffac633"",""ccea4b23-3b56-4ded-88f4-7cee1a6d7b11"",""d1409c54-e16e-43bf-8d0a-3003c5e10d06"",""918150e1-92eb-496b-b49c-3aade95e6011"",""7ad33aff-1cd6-4ed0-9ae4-8a4c868d28dc"",""87874eac-f2da-49e0-90b3-ea163e966f3f""]",928671,,385c4d33-8d38-49ac-b28f-19c63e8b5625,observed,s,671.353462761,decimal,6,e10cc3d4-0100-4121-8706-3222fbbbac9d,5eccb44e-dd7d-46eb-9274-f1b0f759430f,2026-10-07T00:50:25.197384Z,complete,terminal,,F derived from result binding 969f3ac496f2a911749de7990bdb7e67c60d2223a48f0772529a7fa63203309f,observed,F,1,text,sealed,content_failure,M7 exact derivation,observed,diagnoses,0,M7 exact derivation,observed,lines,38,1,0,M7 exact derivation,observed,diagnoses_per_100_lines,0,True,mixed: explicit per observation
M7-analysis-v5,2394b234-0bc9-5e4f-b3e2-b83fed46e68b,1,3f7b25cee4fd7476653c5b7444369736cf61ac4199da6648e3573f7618d555da,C-BF-1,202e1e0a33d9d0d7b92585572740cd6b1ca70f7699cac883e8579e11bac45057,651e080b-10b7-40ff-9204-1dd148ce6638,dbb63e68d4ed9e904fa985aa5b88d674205b6caab086a8d981ac8918a9c68fb5,"[""4afc763c-033e-501c-9c9c-453207d31e62"",""1fed9611-d0cc-51e5-86e7-4ba237c836a2"",""0e4d4039-5409-5be7-a300-ded85e9c22d7"",""1c4afc6f-6679-57b7-ab6b-cec3053e85a1"",""76216ff6-0dab-5f43-913f-741c2deb7596"",""fe7c5fea-171a-5d3e-b93c-b9d53dca7c67"",""784c942d-b222-5013-a2e4-de4aa477a143"",""2f2d84f4-6f41-5df7-a828-cc0a3d9cdddf"",""c68f6332-f200-5595-940d-e5bcad78f1fe"",""54c3aba8-cb42-5023-9591-5cdd68bdd7c5"",""b9ac296e-4c6c-5cdc-9e03-14868c124af2"",""022ddff9-4332-5ba5-b884-42537f220a0c"",""0d262496-18e1-5973-84a6-84fbda64d0ff"",""447860c8-1d56-518b-88ad-7e103990b756"",""616ecfda-7163-5a8d-ba60-01f623d8b124"",""656bacfc-b102-5379-8db2-2f9f127621e0"",""88f2e658-6155-5924-bc85-63fe2aabb08a"",""9f032fb3-90ca-5749-aff5-1065077ac10e"",""4d2e4005-a84b-525b-a492-d367c5e405d0"",""12b20e20-e117-5c00-83bc-e589b92b730e"",""e97a5398-37b9-5e89-91a9-9b3ae48d9534"",""7a8f92c5-5f85-593a-bf90-08e13c60a2e6"",""aa66f5e3-ac0e-57d6-9b69-aa54ea7c4fb9"",""d07b7490-853e-562b-b662-305e89e7718d"",""596c0800-372d-5056-8a35-9f8661656bf4"",""d08816e6-d4d6-5f35-9de3-d86528fa7a96"",""2e126757-f17e-5ee2-93db-94d31ed944b2"",""5e1af4e2-330f-563f-b639-2d3cd8d276c8"",""49cd1889-2a56-5913-8723-929335f68874"",""82b898ba-3b6d-567f-8996-4f259b74547e"",""d38eb7d2-e78b-5c2f-93e4-2e34846e80e6"",""33effc64-dcfe-5ced-badf-c4df49f68dc1"",""a3a03b99-34c0-504b-b529-32b798db318a"",""8b3ec7b0-123f-5597-95f7-1fafc5810d01"",""035c5442-19b8-5a84-8a59-b352a9660279"",""d6d45010-72fa-5741-b733-88958a8795d2"",""ab8215e5-b753-5a6a-a4e7-ad9caf42eeac"",""1b20061c-b208-551a-b06c-81ffeff623fc"",""9b6d0913-2ae6-5dab-ab36-d05e1c51b208"",""a27c1fb2-edc1-57e6-9d74-adb5a13fed3b"",""4696448b-8c21-591b-80cc-7344ea0b95ec"",""c1d75a33-928c-5636-b99c-def1fb29e0f5"",""61eebfb6-2555-5bce-ba71-7a750427392a"",""aba074a1-d451-595d-bc12-e257adbe7383"",""1ca34094-ee4d-5962-a78a-174d361a9cd3"",""7edb0577-da07-5c6f-8391-bb90e9822165"",""d7c5d484-54dc-5d1e-a3ac-65d60267a12c"",""f416cc8b-3bc2-5c4c-a91c-c56faf748684""]",1,1,M7 exact derivation,observed,ratio,1,M7 exact derivation,observed,binary,1,M7 exact derivation,observed,binary,1,M7 exact derivation,observed,binary,1,M7 exact derivation,observed,binary,1,M7 exact derivation,observed,binary,1,M7 exact derivation,observed,binary,1,M7 exact derivation,observed,binary,1,,M6-evaluator-v1,observed,binary,1,decimal,,Menschliche lokale Selbstauskunft,observed,binary,1,decimal,,Menschliche lokale Selbstauskunft,observed,binary,1,decimal,,Menschliche lokale Selbstauskunft,observed,binary,1,decimal,,M6-evaluator-v1,observed,binary,1,decimal,M7 exact derivation,observed,binary,1,1fed9611-d0cc-51e5-86e7-4ba237c836a2,True,,2,Not collected,not_collected,s,,6,Not collected,not_collected,s,,0.114197550,USD,0.114197550,known,Not collected,not_collected,s,,Not collected,not_collected,s,,Not collected,not_collected,s,,Not collected,not_collected,s,,,8a75deac-7123-465e-8f1c-ab43e8595683,observed,s,0,decimal,,8a75deac-7123-465e-8f1c-ab43e8595683,observed,s,0,decimal,,8a75deac-7123-465e-8f1c-ab43e8595683,observed,s,305.680798305,decimal,1,Not collected,not_collected,s,,Not collected,not_collected,s,,"[""75c2adee-3887-4ea9-aed7-cc5fcbe8fad0"",""b71bc7f9-e5a9-49a9-a809-6263115abc50"",""f82dd435-3309-436c-92d2-dfe32aed3da8"",""a70629ee-1f36-4b9b-b6a1-ff20ece442e8"",""a98240b5-78be-4399-9f07-703a06deb122"",""26df3633-ca86-4830-b05f-7c72c97bc73b""]",0,complete,tokens,"[""75c2adee-3887-4ea9-aed7-cc5fcbe8fad0"",""b71bc7f9-e5a9-49a9-a809-6263115abc50"",""f82dd435-3309-436c-92d2-dfe32aed3da8"",""a70629ee-1f36-4b9b-b6a1-ff20ece442e8"",""a98240b5-78be-4399-9f07-703a06deb122"",""26df3633-ca86-4830-b05f-7c72c97bc73b""]",0,"[""75c2adee-3887-4ea9-aed7-cc5fcbe8fad0"",""b71bc7f9-e5a9-49a9-a809-6263115abc50"",""f82dd435-3309-436c-92d2-dfe32aed3da8"",""a70629ee-1f36-4b9b-b6a1-ff20ece442e8"",""a98240b5-78be-4399-9f07-703a06deb122"",""26df3633-ca86-4830-b05f-7c72c97bc73b""]",857086,complete,tokens,"[""75c2adee-3887-4ea9-aed7-cc5fcbe8fad0"",""b71bc7f9-e5a9-49a9-a809-6263115abc50"",""f82dd435-3309-436c-92d2-dfe32aed3da8"",""a70629ee-1f36-4b9b-b6a1-ff20ece442e8"",""a98240b5-78be-4399-9f07-703a06deb122"",""26df3633-ca86-4830-b05f-7c72c97bc73b""]",857086,"[""75c2adee-3887-4ea9-aed7-cc5fcbe8fad0"",""b71bc7f9-e5a9-49a9-a809-6263115abc50"",""f82dd435-3309-436c-92d2-dfe32aed3da8"",""a70629ee-1f36-4b9b-b6a1-ff20ece442e8"",""a98240b5-78be-4399-9f07-703a06deb122"",""26df3633-ca86-4830-b05f-7c72c97bc73b""]",857104,complete,tokens,"[""75c2adee-3887-4ea9-aed7-cc5fcbe8fad0"",""b71bc7f9-e5a9-49a9-a809-6263115abc50"",""f82dd435-3309-436c-92d2-dfe32aed3da8"",""a70629ee-1f36-4b9b-b6a1-ff20ece442e8"",""a98240b5-78be-4399-9f07-703a06deb122"",""26df3633-ca86-4830-b05f-7c72c97bc73b""]",857104,"[""75c2adee-3887-4ea9-aed7-cc5fcbe8fad0"",""b71bc7f9-e5a9-49a9-a809-6263115abc50"",""f82dd435-3309-436c-92d2-dfe32aed3da8"",""a70629ee-1f36-4b9b-b6a1-ff20ece442e8"",""a98240b5-78be-4399-9f07-703a06deb122"",""26df3633-ca86-4830-b05f-7c72c97bc73b""]",,missing,tokens,[],,"[""75c2adee-3887-4ea9-aed7-cc5fcbe8fad0"",""b71bc7f9-e5a9-49a9-a809-6263115abc50"",""f82dd435-3309-436c-92d2-dfe32aed3da8"",""a70629ee-1f36-4b9b-b6a1-ff20ece442e8"",""a98240b5-78be-4399-9f07-703a06deb122"",""26df3633-ca86-4830-b05f-7c72c97bc73b""]",14120,complete,tokens,"[""75c2adee-3887-4ea9-aed7-cc5fcbe8fad0"",""b71bc7f9-e5a9-49a9-a809-6263115abc50"",""f82dd435-3309-436c-92d2-dfe32aed3da8"",""a70629ee-1f36-4b9b-b6a1-ff20ece442e8"",""a98240b5-78be-4399-9f07-703a06deb122"",""26df3633-ca86-4830-b05f-7c72c97bc73b""]",14120,"[""75c2adee-3887-4ea9-aed7-cc5fcbe8fad0"",""b71bc7f9-e5a9-49a9-a809-6263115abc50"",""f82dd435-3309-436c-92d2-dfe32aed3da8"",""a70629ee-1f36-4b9b-b6a1-ff20ece442e8"",""a98240b5-78be-4399-9f07-703a06deb122"",""26df3633-ca86-4830-b05f-7c72c97bc73b""]",5745,complete,tokens,"[""75c2adee-3887-4ea9-aed7-cc5fcbe8fad0"",""b71bc7f9-e5a9-49a9-a809-6263115abc50"",""f82dd435-3309-436c-92d2-dfe32aed3da8"",""a70629ee-1f36-4b9b-b6a1-ff20ece442e8"",""a98240b5-78be-4399-9f07-703a06deb122"",""26df3633-ca86-4830-b05f-7c72c97bc73b""]",5745,"[""75c2adee-3887-4ea9-aed7-cc5fcbe8fad0"",""b71bc7f9-e5a9-49a9-a809-6263115abc50"",""f82dd435-3309-436c-92d2-dfe32aed3da8"",""a70629ee-1f36-4b9b-b6a1-ff20ece442e8"",""a98240b5-78be-4399-9f07-703a06deb122"",""26df3633-ca86-4830-b05f-7c72c97bc73b""]",871224,complete,tokens,"[""75c2adee-3887-4ea9-aed7-cc5fcbe8fad0"",""b71bc7f9-e5a9-49a9-a809-6263115abc50"",""f82dd435-3309-436c-92d2-dfe32aed3da8"",""a70629ee-1f36-4b9b-b6a1-ff20ece442e8"",""a98240b5-78be-4399-9f07-703a06deb122"",""26df3633-ca86-4830-b05f-7c72c97bc73b""]",871224,,8a75deac-7123-465e-8f1c-ab43e8595683,observed,s,305.680798305,decimal,6,adff56bd-3d96-437d-8ee8-4923e1b0b2b9,aa56c172-2980-4374-aa9e-1e56901858d9,2026-10-07T01:16:53.190466Z,complete,terminal,,F derived from result binding 31e39e8884ac1a789502814a15591c36f33d79e2605dd3e0f63eda52935c3436,observed,F,1,text,sealed,finished,M7 exact derivation,observed,diagnoses,0,M7 exact derivation,observed,lines,52,1,0,M7 exact derivation,observed,diagnoses_per_100_lines,0,True,mixed: explicit per observation
M7-analysis-v5,2394b234-0bc9-5e4f-b3e2-b83fed46e68b,1,53e2a903e48de7e2b5713ddbed13958a80d162ea9853e32461ca0c4dd524e630,E-P1R0,46fff238fb6d2caf7973ae538150ab3097c1fa1862c12a1b6c4ff163afb5f6c3,4eb1de1a-3682-4e43-9075-598dbaee7479,dbb63e68d4ed9e904fa985aa5b88d674205b6caab086a8d981ac8918a9c68fb5,"[""4afc763c-033e-501c-9c9c-453207d31e62"",""1fed9611-d0cc-51e5-86e7-4ba237c836a2"",""0e4d4039-5409-5be7-a300-ded85e9c22d7"",""1c4afc6f-6679-57b7-ab6b-cec3053e85a1"",""76216ff6-0dab-5f43-913f-741c2deb7596"",""fe7c5fea-171a-5d3e-b93c-b9d53dca7c67"",""784c942d-b222-5013-a2e4-de4aa477a143"",""2f2d84f4-6f41-5df7-a828-cc0a3d9cdddf"",""c68f6332-f200-5595-940d-e5bcad78f1fe"",""54c3aba8-cb42-5023-9591-5cdd68bdd7c5"",""b9ac296e-4c6c-5cdc-9e03-14868c124af2"",""022ddff9-4332-5ba5-b884-42537f220a0c"",""0d262496-18e1-5973-84a6-84fbda64d0ff"",""447860c8-1d56-518b-88ad-7e103990b756"",""616ecfda-7163-5a8d-ba60-01f623d8b124"",""656bacfc-b102-5379-8db2-2f9f127621e0"",""88f2e658-6155-5924-bc85-63fe2aabb08a"",""9f032fb3-90ca-5749-aff5-1065077ac10e"",""4d2e4005-a84b-525b-a492-d367c5e405d0"",""12b20e20-e117-5c00-83bc-e589b92b730e"",""e97a5398-37b9-5e89-91a9-9b3ae48d9534"",""7a8f92c5-5f85-593a-bf90-08e13c60a2e6"",""aa66f5e3-ac0e-57d6-9b69-aa54ea7c4fb9"",""d07b7490-853e-562b-b662-305e89e7718d"",""596c0800-372d-5056-8a35-9f8661656bf4"",""d08816e6-d4d6-5f35-9de3-d86528fa7a96"",""2e126757-f17e-5ee2-93db-94d31ed944b2"",""5e1af4e2-330f-563f-b639-2d3cd8d276c8"",""49cd1889-2a56-5913-8723-929335f68874"",""82b898ba-3b6d-567f-8996-4f259b74547e"",""d38eb7d2-e78b-5c2f-93e4-2e34846e80e6"",""33effc64-dcfe-5ced-badf-c4df49f68dc1"",""a3a03b99-34c0-504b-b529-32b798db318a"",""8b3ec7b0-123f-5597-95f7-1fafc5810d01"",""035c5442-19b8-5a84-8a59-b352a9660279"",""d6d45010-72fa-5741-b733-88958a8795d2"",""ab8215e5-b753-5a6a-a4e7-ad9caf42eeac"",""1b20061c-b208-551a-b06c-81ffeff623fc"",""9b6d0913-2ae6-5dab-ab36-d05e1c51b208"",""a27c1fb2-edc1-57e6-9d74-adb5a13fed3b"",""4696448b-8c21-591b-80cc-7344ea0b95ec"",""c1d75a33-928c-5636-b99c-def1fb29e0f5"",""61eebfb6-2555-5bce-ba71-7a750427392a"",""aba074a1-d451-595d-bc12-e257adbe7383"",""1ca34094-ee4d-5962-a78a-174d361a9cd3"",""7edb0577-da07-5c6f-8391-bb90e9822165"",""d7c5d484-54dc-5d1e-a3ac-65d60267a12c"",""f416cc8b-3bc2-5c4c-a91c-c56faf748684""]",1,1,M7 exact derivation,observed,ratio,1,M7 exact derivation,observed,binary,1,M7 exact derivation,observed,binary,1,M7 exact derivation,observed,binary,1,M7 exact derivation,observed,binary,1,M7 exact derivation,observed,binary,1,M7 exact derivation,observed,binary,1,M7 exact derivation,observed,binary,1,,M6-evaluator-v1,observed,binary,1,decimal,,Menschliche lokale Selbstauskunft,observed,binary,1,decimal,,Menschliche lokale Selbstauskunft,observed,binary,1,decimal,,Menschliche lokale Selbstauskunft,observed,binary,1,decimal,,M6-evaluator-v1,observed,binary,1,decimal,M7 exact derivation,observed,binary,1,0e4d4039-5409-5be7-a300-ded85e9c22d7,True,,3,Not collected,not_collected,s,,5,Not collected,not_collected,s,,0.094016375,USD,0.094016375,known,Not collected,not_collected,s,,Not collected,not_collected,s,,Not collected,not_collected,s,,Not collected,not_collected,s,,,c96acfe6-ff5d-4a3b-95c0-45834d3c5b75,observed,s,0,decimal,,c96acfe6-ff5d-4a3b-95c0-45834d3c5b75,observed,s,0,decimal,,c96acfe6-ff5d-4a3b-95c0-45834d3c5b75,observed,s,262.897698662,decimal,1,Not collected,not_collected,s,,Not collected,not_collected,s,,"[""1b81c76a-9eb4-4767-a65b-3e5b19bec62a"",""59677fed-6ac5-4a1c-9e38-03a71c8230af"",""1d682d08-05b5-4548-a6d3-2ff7cd6f08f4"",""95d24ccb-6feb-4879-9bfc-e2dcd0ec5635"",""44c03076-72ad-4bd5-913c-171e021eb475""]",0,complete,tokens,"[""1b81c76a-9eb4-4767-a65b-3e5b19bec62a"",""59677fed-6ac5-4a1c-9e38-03a71c8230af"",""1d682d08-05b5-4548-a6d3-2ff7cd6f08f4"",""95d24ccb-6feb-4879-9bfc-e2dcd0ec5635"",""44c03076-72ad-4bd5-913c-171e021eb475""]",0,"[""1b81c76a-9eb4-4767-a65b-3e5b19bec62a"",""59677fed-6ac5-4a1c-9e38-03a71c8230af"",""1d682d08-05b5-4548-a6d3-2ff7cd6f08f4"",""95d24ccb-6feb-4879-9bfc-e2dcd0ec5635"",""44c03076-72ad-4bd5-913c-171e021eb475""]",706415,complete,tokens,"[""1b81c76a-9eb4-4767-a65b-3e5b19bec62a"",""59677fed-6ac5-4a1c-9e38-03a71c8230af"",""1d682d08-05b5-4548-a6d3-2ff7cd6f08f4"",""95d24ccb-6feb-4879-9bfc-e2dcd0ec5635"",""44c03076-72ad-4bd5-913c-171e021eb475""]",706415,"[""1b81c76a-9eb4-4767-a65b-3e5b19bec62a"",""59677fed-6ac5-4a1c-9e38-03a71c8230af"",""1d682d08-05b5-4548-a6d3-2ff7cd6f08f4"",""95d24ccb-6feb-4879-9bfc-e2dcd0ec5635"",""44c03076-72ad-4bd5-913c-171e021eb475""]",706430,complete,tokens,"[""1b81c76a-9eb4-4767-a65b-3e5b19bec62a"",""59677fed-6ac5-4a1c-9e38-03a71c8230af"",""1d682d08-05b5-4548-a6d3-2ff7cd6f08f4"",""95d24ccb-6feb-4879-9bfc-e2dcd0ec5635"",""44c03076-72ad-4bd5-913c-171e021eb475""]",706430,"[""1b81c76a-9eb4-4767-a65b-3e5b19bec62a"",""59677fed-6ac5-4a1c-9e38-03a71c8230af"",""1d682d08-05b5-4548-a6d3-2ff7cd6f08f4"",""95d24ccb-6feb-4879-9bfc-e2dcd0ec5635"",""44c03076-72ad-4bd5-913c-171e021eb475""]",,missing,tokens,[],,"[""1b81c76a-9eb4-4767-a65b-3e5b19bec62a"",""59677fed-6ac5-4a1c-9e38-03a71c8230af"",""1d682d08-05b5-4548-a6d3-2ff7cd6f08f4"",""95d24ccb-6feb-4879-9bfc-e2dcd0ec5635"",""44c03076-72ad-4bd5-913c-171e021eb475""]",11426,complete,tokens,"[""1b81c76a-9eb4-4767-a65b-3e5b19bec62a"",""59677fed-6ac5-4a1c-9e38-03a71c8230af"",""1d682d08-05b5-4548-a6d3-2ff7cd6f08f4"",""95d24ccb-6feb-4879-9bfc-e2dcd0ec5635"",""44c03076-72ad-4bd5-913c-171e021eb475""]",11426,"[""1b81c76a-9eb4-4767-a65b-3e5b19bec62a"",""59677fed-6ac5-4a1c-9e38-03a71c8230af"",""1d682d08-05b5-4548-a6d3-2ff7cd6f08f4"",""95d24ccb-6feb-4879-9bfc-e2dcd0ec5635"",""44c03076-72ad-4bd5-913c-171e021eb475""]",4984,complete,tokens,"[""1b81c76a-9eb4-4767-a65b-3e5b19bec62a"",""59677fed-6ac5-4a1c-9e38-03a71c8230af"",""1d682d08-05b5-4548-a6d3-2ff7cd6f08f4"",""95d24ccb-6feb-4879-9bfc-e2dcd0ec5635"",""44c03076-72ad-4bd5-913c-171e021eb475""]",4984,"[""1b81c76a-9eb4-4767-a65b-3e5b19bec62a"",""59677fed-6ac5-4a1c-9e38-03a71c8230af"",""1d682d08-05b5-4548-a6d3-2ff7cd6f08f4"",""95d24ccb-6feb-4879-9bfc-e2dcd0ec5635"",""44c03076-72ad-4bd5-913c-171e021eb475""]",717856,complete,tokens,"[""1b81c76a-9eb4-4767-a65b-3e5b19bec62a"",""59677fed-6ac5-4a1c-9e38-03a71c8230af"",""1d682d08-05b5-4548-a6d3-2ff7cd6f08f4"",""95d24ccb-6feb-4879-9bfc-e2dcd0ec5635"",""44c03076-72ad-4bd5-913c-171e021eb475""]",717856,,c96acfe6-ff5d-4a3b-95c0-45834d3c5b75,observed,s,262.897698662,decimal,5,3a40d400-6b02-40af-bce6-b422ffb302d2,a6ad258b-ce6a-4465-ae50-7f77f4b9c206,2026-10-07T01:37:51.292103Z,complete,terminal,,F derived from result binding 201deb26c62c46de28f57e9e1d8689e5a99fba27531ad58c4beb8e093b5c326e,observed,F,1,text,sealed,content_failure,M7 exact derivation,observed,diagnoses,0,M7 exact derivation,observed,lines,36,1,0,M7 exact derivation,observed,diagnoses_per_100_lines,0,True,mixed: explicit per observation
M7-analysis-v5,2394b234-0bc9-5e4f-b3e2-b83fed46e68b,1,f271356ffd8f5b943bef61c4d70ab406e48733c1d29b2b806edcf1d9e2d1263c,C-SQL-0,0294f6c032f413f4245e83b15db52ab8f50ccfa6163f315fda209ab5b27f96be,a132b12b-e7a2-4837-8603-2cfe9fd0228c,dbb63e68d4ed9e904fa985aa5b88d674205b6caab086a8d981ac8918a9c68fb5,"[""4afc763c-033e-501c-9c9c-453207d31e62"",""1fed9611-d0cc-51e5-86e7-4ba237c836a2"",""0e4d4039-5409-5be7-a300-ded85e9c22d7"",""1c4afc6f-6679-57b7-ab6b-cec3053e85a1"",""76216ff6-0dab-5f43-913f-741c2deb7596"",""fe7c5fea-171a-5d3e-b93c-b9d53dca7c67"",""784c942d-b222-5013-a2e4-de4aa477a143"",""2f2d84f4-6f41-5df7-a828-cc0a3d9cdddf"",""c68f6332-f200-5595-940d-e5bcad78f1fe"",""54c3aba8-cb42-5023-9591-5cdd68bdd7c5"",""b9ac296e-4c6c-5cdc-9e03-14868c124af2"",""022ddff9-4332-5ba5-b884-42537f220a0c"",""0d262496-18e1-5973-84a6-84fbda64d0ff"",""447860c8-1d56-518b-88ad-7e103990b756"",""616ecfda-7163-5a8d-ba60-01f623d8b124"",""656bacfc-b102-5379-8db2-2f9f127621e0"",""88f2e658-6155-5924-bc85-63fe2aabb08a"",""9f032fb3-90ca-5749-aff5-1065077ac10e"",""4d2e4005-a84b-525b-a492-d367c5e405d0"",""12b20e20-e117-5c00-83bc-e589b92b730e"",""e97a5398-37b9-5e89-91a9-9b3ae48d9534"",""7a8f92c5-5f85-593a-bf90-08e13c60a2e6"",""aa66f5e3-ac0e-57d6-9b69-aa54ea7c4fb9"",""d07b7490-853e-562b-b662-305e89e7718d"",""596c0800-372d-5056-8a35-9f8661656bf4"",""d08816e6-d4d6-5f35-9de3-d86528fa7a96"",""2e126757-f17e-5ee2-93db-94d31ed944b2"",""5e1af4e2-330f-563f-b639-2d3cd8d276c8"",""49cd1889-2a56-5913-8723-929335f68874"",""82b898ba-3b6d-567f-8996-4f259b74547e"",""d38eb7d2-e78b-5c2f-93e4-2e34846e80e6"",""33effc64-dcfe-5ced-badf-c4df49f68dc1"",""a3a03b99-34c0-504b-b529-32b798db318a"",""8b3ec7b0-123f-5597-95f7-1fafc5810d01"",""035c5442-19b8-5a84-8a59-b352a9660279"",""d6d45010-72fa-5741-b733-88958a8795d2"",""ab8215e5-b753-5a6a-a4e7-ad9caf42eeac"",""1b20061c-b208-551a-b06c-81ffeff623fc"",""9b6d0913-2ae6-5dab-ab36-d05e1c51b208"",""a27c1fb2-edc1-57e6-9d74-adb5a13fed3b"",""4696448b-8c21-591b-80cc-7344ea0b95ec"",""c1d75a33-928c-5636-b99c-def1fb29e0f5"",""61eebfb6-2555-5bce-ba71-7a750427392a"",""aba074a1-d451-595d-bc12-e257adbe7383"",""1ca34094-ee4d-5962-a78a-174d361a9cd3"",""7edb0577-da07-5c6f-8391-bb90e9822165"",""d7c5d484-54dc-5d1e-a3ac-65d60267a12c"",""f416cc8b-3bc2-5c4c-a91c-c56faf748684""]",1,0,M7 exact derivation,observed,ratio,0,M7 exact derivation,observed,binary,0,M7 exact derivation,observed,binary,0,M7 exact derivation,observed,binary,0,M7 exact derivation,observed,binary,0,M7 exact derivation,observed,binary,0,M7 exact derivation,observed,binary,0,M7 exact derivation,observed,binary,1,,M6-evaluator-v1,observed,binary,1,decimal,,Menschliche lokale Selbstauskunft,observed,binary,1,decimal,,Menschliche lokale Selbstauskunft,observed,binary,1,decimal,,Menschliche lokale Selbstauskunft,observed,binary,1,decimal,,M6-evaluator-v1,observed,binary,1,decimal,M7 exact derivation,observed,binary,0,1c4afc6f-6679-57b7-ab6b-cec3053e85a1,True,,4,Not collected,not_collected,s,,6,Not collected,not_collected,s,,0.112316425,USD,0.112316425,known,Not collected,not_collected,s,,Not collected,not_collected,s,,Not collected,not_collected,s,,Not collected,not_collected,s,,,5f89016f-db77-4a0e-b26f-0c5007595d15,observed,s,0,decimal,,5f89016f-db77-4a0e-b26f-0c5007595d15,observed,s,0,decimal,,5f89016f-db77-4a0e-b26f-0c5007595d15,observed,s,287.395375965,decimal,1,Not collected,not_collected,s,,Not collected,not_collected,s,,"[""1eecc51f-a62d-4ab7-a073-fd31ff58dc79"",""fcdaa0ef-4e90-4314-ac03-57e5a050684b"",""da2fa316-bdd2-49e2-be6d-c65ef974f309"",""cf7dad4e-9c84-4722-b56f-7d03ed097c52"",""c609f60e-25a9-41ab-9442-eec904919aa9"",""cb392dd7-4234-4291-acfa-a19b17402cee""]",0,complete,tokens,"[""1eecc51f-a62d-4ab7-a073-fd31ff58dc79"",""fcdaa0ef-4e90-4314-ac03-57e5a050684b"",""da2fa316-bdd2-49e2-be6d-c65ef974f309"",""cf7dad4e-9c84-4722-b56f-7d03ed097c52"",""c609f60e-25a9-41ab-9442-eec904919aa9"",""cb392dd7-4234-4291-acfa-a19b17402cee""]",0,"[""1eecc51f-a62d-4ab7-a073-fd31ff58dc79"",""fcdaa0ef-4e90-4314-ac03-57e5a050684b"",""da2fa316-bdd2-49e2-be6d-c65ef974f309"",""cf7dad4e-9c84-4722-b56f-7d03ed097c52"",""c609f60e-25a9-41ab-9442-eec904919aa9"",""cb392dd7-4234-4291-acfa-a19b17402cee""]",844165,complete,tokens,"[""1eecc51f-a62d-4ab7-a073-fd31ff58dc79"",""fcdaa0ef-4e90-4314-ac03-57e5a050684b"",""da2fa316-bdd2-49e2-be6d-c65ef974f309"",""cf7dad4e-9c84-4722-b56f-7d03ed097c52"",""c609f60e-25a9-41ab-9442-eec904919aa9"",""cb392dd7-4234-4291-acfa-a19b17402cee""]",844165,"[""1eecc51f-a62d-4ab7-a073-fd31ff58dc79"",""fcdaa0ef-4e90-4314-ac03-57e5a050684b"",""da2fa316-bdd2-49e2-be6d-c65ef974f309"",""cf7dad4e-9c84-4722-b56f-7d03ed097c52"",""c609f60e-25a9-41ab-9442-eec904919aa9"",""cb392dd7-4234-4291-acfa-a19b17402cee""]",844183,complete,tokens,"[""1eecc51f-a62d-4ab7-a073-fd31ff58dc79"",""fcdaa0ef-4e90-4314-ac03-57e5a050684b"",""da2fa316-bdd2-49e2-be6d-c65ef974f309"",""cf7dad4e-9c84-4722-b56f-7d03ed097c52"",""c609f60e-25a9-41ab-9442-eec904919aa9"",""cb392dd7-4234-4291-acfa-a19b17402cee""]",844183,"[""1eecc51f-a62d-4ab7-a073-fd31ff58dc79"",""fcdaa0ef-4e90-4314-ac03-57e5a050684b"",""da2fa316-bdd2-49e2-be6d-c65ef974f309"",""cf7dad4e-9c84-4722-b56f-7d03ed097c52"",""c609f60e-25a9-41ab-9442-eec904919aa9"",""cb392dd7-4234-4291-acfa-a19b17402cee""]",,missing,tokens,[],,"[""1eecc51f-a62d-4ab7-a073-fd31ff58dc79"",""fcdaa0ef-4e90-4314-ac03-57e5a050684b"",""da2fa316-bdd2-49e2-be6d-c65ef974f309"",""cf7dad4e-9c84-4722-b56f-7d03ed097c52"",""c609f60e-25a9-41ab-9442-eec904919aa9"",""cb392dd7-4234-4291-acfa-a19b17402cee""]",13588,complete,tokens,"[""1eecc51f-a62d-4ab7-a073-fd31ff58dc79"",""fcdaa0ef-4e90-4314-ac03-57e5a050684b"",""da2fa316-bdd2-49e2-be6d-c65ef974f309"",""cf7dad4e-9c84-4722-b56f-7d03ed097c52"",""c609f60e-25a9-41ab-9442-eec904919aa9"",""cb392dd7-4234-4291-acfa-a19b17402cee""]",13588,"[""1eecc51f-a62d-4ab7-a073-fd31ff58dc79"",""fcdaa0ef-4e90-4314-ac03-57e5a050684b"",""da2fa316-bdd2-49e2-be6d-c65ef974f309"",""cf7dad4e-9c84-4722-b56f-7d03ed097c52"",""c609f60e-25a9-41ab-9442-eec904919aa9"",""cb392dd7-4234-4291-acfa-a19b17402cee""]",5956,complete,tokens,"[""1eecc51f-a62d-4ab7-a073-fd31ff58dc79"",""fcdaa0ef-4e90-4314-ac03-57e5a050684b"",""da2fa316-bdd2-49e2-be6d-c65ef974f309"",""cf7dad4e-9c84-4722-b56f-7d03ed097c52"",""c609f60e-25a9-41ab-9442-eec904919aa9"",""cb392dd7-4234-4291-acfa-a19b17402cee""]",5956,"[""1eecc51f-a62d-4ab7-a073-fd31ff58dc79"",""fcdaa0ef-4e90-4314-ac03-57e5a050684b"",""da2fa316-bdd2-49e2-be6d-c65ef974f309"",""cf7dad4e-9c84-4722-b56f-7d03ed097c52"",""c609f60e-25a9-41ab-9442-eec904919aa9"",""cb392dd7-4234-4291-acfa-a19b17402cee""]",857771,complete,tokens,"[""1eecc51f-a62d-4ab7-a073-fd31ff58dc79"",""fcdaa0ef-4e90-4314-ac03-57e5a050684b"",""da2fa316-bdd2-49e2-be6d-c65ef974f309"",""cf7dad4e-9c84-4722-b56f-7d03ed097c52"",""c609f60e-25a9-41ab-9442-eec904919aa9"",""cb392dd7-4234-4291-acfa-a19b17402cee""]",857771,,5f89016f-db77-4a0e-b26f-0c5007595d15,observed,s,287.395375965,decimal,6,3b91cf74-bb6c-467f-ab64-f517331a4cfe,4dfbc4e4-df33-4fc5-9d7e-60b8d850f153,2026-10-07T01:50:08.566622Z,complete,terminal,,F derived from result binding 15456bbf0793abc8a0364fd74e3f8048f84822f97d4c86b2b2eccd26dced6c6a,observed,F,0,text,sealed,content_failure,M7 exact derivation,observed,diagnoses,0,M7 exact derivation,observed,lines,46,1,0,M7 exact derivation,observed,diagnoses_per_100_lines,0,True,mixed: explicit per observation
M7-analysis-v5,2394b234-0bc9-5e4f-b3e2-b83fed46e68b,1,41b0225438818b95d9f194005fa9c3dd9f10fce188f280bdfe6b26e06aa2975e,E-BA,c95570638786f34bdf300259908c703357f319349529bd0f72711c0b41f6d98a,bcba9767-41cd-49d9-aa5e-687d9d4d0032,dbb63e68d4ed9e904fa985aa5b88d674205b6caab086a8d981ac8918a9c68fb5,"[""4afc763c-033e-501c-9c9c-453207d31e62"",""1fed9611-d0cc-51e5-86e7-4ba237c836a2"",""0e4d4039-5409-5be7-a300-ded85e9c22d7"",""1c4afc6f-6679-57b7-ab6b-cec3053e85a1"",""76216ff6-0dab-5f43-913f-741c2deb7596"",""fe7c5fea-171a-5d3e-b93c-b9d53dca7c67"",""784c942d-b222-5013-a2e4-de4aa477a143"",""2f2d84f4-6f41-5df7-a828-cc0a3d9cdddf"",""c68f6332-f200-5595-940d-e5bcad78f1fe"",""54c3aba8-cb42-5023-9591-5cdd68bdd7c5"",""b9ac296e-4c6c-5cdc-9e03-14868c124af2"",""022ddff9-4332-5ba5-b884-42537f220a0c"",""0d262496-18e1-5973-84a6-84fbda64d0ff"",""447860c8-1d56-518b-88ad-7e103990b756"",""616ecfda-7163-5a8d-ba60-01f623d8b124"",""656bacfc-b102-5379-8db2-2f9f127621e0"",""88f2e658-6155-5924-bc85-63fe2aabb08a"",""9f032fb3-90ca-5749-aff5-1065077ac10e"",""4d2e4005-a84b-525b-a492-d367c5e405d0"",""12b20e20-e117-5c00-83bc-e589b92b730e"",""e97a5398-37b9-5e89-91a9-9b3ae48d9534"",""7a8f92c5-5f85-593a-bf90-08e13c60a2e6"",""aa66f5e3-ac0e-57d6-9b69-aa54ea7c4fb9"",""d07b7490-853e-562b-b662-305e89e7718d"",""596c0800-372d-5056-8a35-9f8661656bf4"",""d08816e6-d4d6-5f35-9de3-d86528fa7a96"",""2e126757-f17e-5ee2-93db-94d31ed944b2"",""5e1af4e2-330f-563f-b639-2d3cd8d276c8"",""49cd1889-2a56-5913-8723-929335f68874"",""82b898ba-3b6d-567f-8996-4f259b74547e"",""d38eb7d2-e78b-5c2f-93e4-2e34846e80e6"",""33effc64-dcfe-5ced-badf-c4df49f68dc1"",""a3a03b99-34c0-504b-b529-32b798db318a"",""8b3ec7b0-123f-5597-95f7-1fafc5810d01"",""035c5442-19b8-5a84-8a59-b352a9660279"",""d6d45010-72fa-5741-b733-88958a8795d2"",""ab8215e5-b753-5a6a-a4e7-ad9caf42eeac"",""1b20061c-b208-551a-b06c-81ffeff623fc"",""9b6d0913-2ae6-5dab-ab36-d05e1c51b208"",""a27c1fb2-edc1-57e6-9d74-adb5a13fed3b"",""4696448b-8c21-591b-80cc-7344ea0b95ec"",""c1d75a33-928c-5636-b99c-def1fb29e0f5"",""61eebfb6-2555-5bce-ba71-7a750427392a"",""aba074a1-d451-595d-bc12-e257adbe7383"",""1ca34094-ee4d-5962-a78a-174d361a9cd3"",""7edb0577-da07-5c6f-8391-bb90e9822165"",""d7c5d484-54dc-5d1e-a3ac-65d60267a12c"",""f416cc8b-3bc2-5c4c-a91c-c56faf748684""]",1,1,M7 exact derivation,observed,ratio,1,M7 exact derivation,observed,binary,1,M7 exact derivation,observed,binary,1,M7 exact derivation,observed,binary,1,M7 exact derivation,observed,binary,1,M7 exact derivation,observed,binary,1,M7 exact derivation,observed,binary,1,M7 exact derivation,observed,binary,1,,M6-evaluator-v1,observed,binary,1,decimal,,Menschliche lokale Selbstauskunft,observed,binary,1,decimal,,Menschliche lokale Selbstauskunft,observed,binary,1,decimal,,Menschliche lokale Selbstauskunft,observed,binary,1,decimal,,M6-evaluator-v1,observed,binary,1,decimal,M7 exact derivation,observed,binary,1,76216ff6-0dab-5f43-913f-741c2deb7596,True,,5,Not collected,not_collected,s,,6,Not collected,not_collected,s,,0.147359455,USD,0.147359455,known,Not collected,not_collected,s,,Not collected,not_collected,s,,Not collected,not_collected,s,,Not collected,not_collected,s,,,f8f6fd1a-a649-48d6-956f-5b5c66bce6fa,observed,s,0,decimal,,f8f6fd1a-a649-48d6-956f-5b5c66bce6fa,observed,s,0,decimal,,f8f6fd1a-a649-48d6-956f-5b5c66bce6fa,observed,s,859.288057060,decimal,1,Not collected,not_collected,s,,Not collected,not_collected,s,,"[""283e498e-7b2d-4e63-a62f-3fe73bdac11f"",""4c3a28ce-1034-49f4-bb34-d0775a2292b8"",""3755c8bd-19d1-4ce4-b02e-f99e99b2a232"",""455f3d61-9b1c-453f-8041-404767920f5b"",""9700965c-6c91-4e85-9621-ea7b60bf6d38"",""0f478b25-3bb1-454e-8fc3-f4757fb48d2b""]",0,complete,tokens,"[""283e498e-7b2d-4e63-a62f-3fe73bdac11f"",""4c3a28ce-1034-49f4-bb34-d0775a2292b8"",""3755c8bd-19d1-4ce4-b02e-f99e99b2a232"",""455f3d61-9b1c-453f-8041-404767920f5b"",""9700965c-6c91-4e85-9621-ea7b60bf6d38"",""0f478b25-3bb1-454e-8fc3-f4757fb48d2b""]",0,"[""283e498e-7b2d-4e63-a62f-3fe73bdac11f"",""4c3a28ce-1034-49f4-bb34-d0775a2292b8"",""3755c8bd-19d1-4ce4-b02e-f99e99b2a232"",""455f3d61-9b1c-453f-8041-404767920f5b"",""9700965c-6c91-4e85-9621-ea7b60bf6d38"",""0f478b25-3bb1-454e-8fc3-f4757fb48d2b""]",293359,complete,tokens,"[""283e498e-7b2d-4e63-a62f-3fe73bdac11f"",""4c3a28ce-1034-49f4-bb34-d0775a2292b8"",""3755c8bd-19d1-4ce4-b02e-f99e99b2a232"",""455f3d61-9b1c-453f-8041-404767920f5b"",""9700965c-6c91-4e85-9621-ea7b60bf6d38"",""0f478b25-3bb1-454e-8fc3-f4757fb48d2b""]",293359,"[""283e498e-7b2d-4e63-a62f-3fe73bdac11f"",""4c3a28ce-1034-49f4-bb34-d0775a2292b8"",""3755c8bd-19d1-4ce4-b02e-f99e99b2a232"",""455f3d61-9b1c-453f-8041-404767920f5b"",""9700965c-6c91-4e85-9621-ea7b60bf6d38"",""0f478b25-3bb1-454e-8fc3-f4757fb48d2b""]",886812,complete,tokens,"[""283e498e-7b2d-4e63-a62f-3fe73bdac11f"",""4c3a28ce-1034-49f4-bb34-d0775a2292b8"",""3755c8bd-19d1-4ce4-b02e-f99e99b2a232"",""455f3d61-9b1c-453f-8041-404767920f5b"",""9700965c-6c91-4e85-9621-ea7b60bf6d38"",""0f478b25-3bb1-454e-8fc3-f4757fb48d2b""]",886812,"[""283e498e-7b2d-4e63-a62f-3fe73bdac11f"",""4c3a28ce-1034-49f4-bb34-d0775a2292b8"",""3755c8bd-19d1-4ce4-b02e-f99e99b2a232"",""455f3d61-9b1c-453f-8041-404767920f5b"",""9700965c-6c91-4e85-9621-ea7b60bf6d38"",""0f478b25-3bb1-454e-8fc3-f4757fb48d2b""]",,missing,tokens,[],,"[""283e498e-7b2d-4e63-a62f-3fe73bdac11f"",""4c3a28ce-1034-49f4-bb34-d0775a2292b8"",""3755c8bd-19d1-4ce4-b02e-f99e99b2a232"",""455f3d61-9b1c-453f-8041-404767920f5b"",""9700965c-6c91-4e85-9621-ea7b60bf6d38"",""0f478b25-3bb1-454e-8fc3-f4757fb48d2b""]",64260,complete,tokens,"[""283e498e-7b2d-4e63-a62f-3fe73bdac11f"",""4c3a28ce-1034-49f4-bb34-d0775a2292b8"",""3755c8bd-19d1-4ce4-b02e-f99e99b2a232"",""455f3d61-9b1c-453f-8041-404767920f5b"",""9700965c-6c91-4e85-9621-ea7b60bf6d38"",""0f478b25-3bb1-454e-8fc3-f4757fb48d2b""]",64260,"[""283e498e-7b2d-4e63-a62f-3fe73bdac11f"",""4c3a28ce-1034-49f4-bb34-d0775a2292b8"",""3755c8bd-19d1-4ce4-b02e-f99e99b2a232"",""455f3d61-9b1c-453f-8041-404767920f5b"",""9700965c-6c91-4e85-9621-ea7b60bf6d38"",""0f478b25-3bb1-454e-8fc3-f4757fb48d2b""]",58563,complete,tokens,"[""283e498e-7b2d-4e63-a62f-3fe73bdac11f"",""4c3a28ce-1034-49f4-bb34-d0775a2292b8"",""3755c8bd-19d1-4ce4-b02e-f99e99b2a232"",""455f3d61-9b1c-453f-8041-404767920f5b"",""9700965c-6c91-4e85-9621-ea7b60bf6d38"",""0f478b25-3bb1-454e-8fc3-f4757fb48d2b""]",58563,"[""283e498e-7b2d-4e63-a62f-3fe73bdac11f"",""4c3a28ce-1034-49f4-bb34-d0775a2292b8"",""3755c8bd-19d1-4ce4-b02e-f99e99b2a232"",""455f3d61-9b1c-453f-8041-404767920f5b"",""9700965c-6c91-4e85-9621-ea7b60bf6d38"",""0f478b25-3bb1-454e-8fc3-f4757fb48d2b""]",951072,complete,tokens,"[""283e498e-7b2d-4e63-a62f-3fe73bdac11f"",""4c3a28ce-1034-49f4-bb34-d0775a2292b8"",""3755c8bd-19d1-4ce4-b02e-f99e99b2a232"",""455f3d61-9b1c-453f-8041-404767920f5b"",""9700965c-6c91-4e85-9621-ea7b60bf6d38"",""0f478b25-3bb1-454e-8fc3-f4757fb48d2b""]",951072,,f8f6fd1a-a649-48d6-956f-5b5c66bce6fa,observed,s,859.288057060,decimal,6,bc4d0829-3e3e-4e7a-8e68-8053af270847,a1950c1e-146e-4631-9e4e-726186527901,2026-10-07T02:14:46.277672Z,complete,terminal,,F derived from result binding 2ced4ef6d2ff2204164965ca8a81cda50ab56bef5d9faf3678f8c26e17c83b19,observed,F,1,text,sealed,finished,M7 exact derivation,observed,diagnoses,0,M7 exact derivation,observed,lines,51,1,0,M7 exact derivation,observed,diagnoses_per_100_lines,0,True,mixed: explicit per observation
M7-analysis-v5,2394b234-0bc9-5e4f-b3e2-b83fed46e68b,1,f4daa00795d8b8c066ed906a153a4662a3a929fd280a400a6a25b55f1e35f467,C-BF-0,19fa6fbf4f554673689996213945dcaed831a9bf0fbdc6988698abb77fd647ee,90318496-3af4-49cd-a20d-b85db76e5a0a,dbb63e68d4ed9e904fa985aa5b88d674205b6caab086a8d981ac8918a9c68fb5,"[""4afc763c-033e-501c-9c9c-453207d31e62"",""1fed9611-d0cc-51e5-86e7-4ba237c836a2"",""0e4d4039-5409-5be7-a300-ded85e9c22d7"",""1c4afc6f-6679-57b7-ab6b-cec3053e85a1"",""76216ff6-0dab-5f43-913f-741c2deb7596"",""fe7c5fea-171a-5d3e-b93c-b9d53dca7c67"",""784c942d-b222-5013-a2e4-de4aa477a143"",""2f2d84f4-6f41-5df7-a828-cc0a3d9cdddf"",""c68f6332-f200-5595-940d-e5bcad78f1fe"",""54c3aba8-cb42-5023-9591-5cdd68bdd7c5"",""b9ac296e-4c6c-5cdc-9e03-14868c124af2"",""022ddff9-4332-5ba5-b884-42537f220a0c"",""0d262496-18e1-5973-84a6-84fbda64d0ff"",""447860c8-1d56-518b-88ad-7e103990b756"",""616ecfda-7163-5a8d-ba60-01f623d8b124"",""656bacfc-b102-5379-8db2-2f9f127621e0"",""88f2e658-6155-5924-bc85-63fe2aabb08a"",""9f032fb3-90ca-5749-aff5-1065077ac10e"",""4d2e4005-a84b-525b-a492-d367c5e405d0"",""12b20e20-e117-5c00-83bc-e589b92b730e"",""e97a5398-37b9-5e89-91a9-9b3ae48d9534"",""7a8f92c5-5f85-593a-bf90-08e13c60a2e6"",""aa66f5e3-ac0e-57d6-9b69-aa54ea7c4fb9"",""d07b7490-853e-562b-b662-305e89e7718d"",""596c0800-372d-5056-8a35-9f8661656bf4"",""d08816e6-d4d6-5f35-9de3-d86528fa7a96"",""2e126757-f17e-5ee2-93db-94d31ed944b2"",""5e1af4e2-330f-563f-b639-2d3cd8d276c8"",""49cd1889-2a56-5913-8723-929335f68874"",""82b898ba-3b6d-567f-8996-4f259b74547e"",""d38eb7d2-e78b-5c2f-93e4-2e34846e80e6"",""33effc64-dcfe-5ced-badf-c4df49f68dc1"",""a3a03b99-34c0-504b-b529-32b798db318a"",""8b3ec7b0-123f-5597-95f7-1fafc5810d01"",""035c5442-19b8-5a84-8a59-b352a9660279"",""d6d45010-72fa-5741-b733-88958a8795d2"",""ab8215e5-b753-5a6a-a4e7-ad9caf42eeac"",""1b20061c-b208-551a-b06c-81ffeff623fc"",""9b6d0913-2ae6-5dab-ab36-d05e1c51b208"",""a27c1fb2-edc1-57e6-9d74-adb5a13fed3b"",""4696448b-8c21-591b-80cc-7344ea0b95ec"",""c1d75a33-928c-5636-b99c-def1fb29e0f5"",""61eebfb6-2555-5bce-ba71-7a750427392a"",""aba074a1-d451-595d-bc12-e257adbe7383"",""1ca34094-ee4d-5962-a78a-174d361a9cd3"",""7edb0577-da07-5c6f-8391-bb90e9822165"",""d7c5d484-54dc-5d1e-a3ac-65d60267a12c"",""f416cc8b-3bc2-5c4c-a91c-c56faf748684""]",1,1,M7 exact derivation,observed,ratio,1,M7 exact derivation,observed,binary,1,M7 exact derivation,observed,binary,1,M7 exact derivation,observed,binary,1,M7 exact derivation,observed,binary,1,M7 exact derivation,observed,binary,1,M7 exact derivation,observed,binary,1,M7 exact derivation,observed,binary,1,,M6-evaluator-v1,observed,binary,1,decimal,,Menschliche lokale Selbstauskunft,observed,binary,1,decimal,,Menschliche lokale Selbstauskunft,observed,binary,1,decimal,,Menschliche lokale Selbstauskunft,observed,binary,1,decimal,,M6-evaluator-v1,observed,binary,1,decimal,M7 exact derivation,observed,binary,1,fe7c5fea-171a-5d3e-b93c-b9d53dca7c67,True,,6,Not collected,not_collected,s,,6,Not collected,not_collected,s,,0.111800175,USD,0.111800175,known,Not collected,not_collected,s,,Not collected,not_collected,s,,Not collected,not_collected,s,,Not collected,not_collected,s,,,6eebb52d-486a-4078-a076-2ea6b4f6be1c,observed,s,0,decimal,,6eebb52d-486a-4078-a076-2ea6b4f6be1c,observed,s,0,decimal,,6eebb52d-486a-4078-a076-2ea6b4f6be1c,observed,s,300.448230095,decimal,1,Not collected,not_collected,s,,Not collected,not_collected,s,,"[""ae1a1955-da3e-497d-9314-03a60d08afe6"",""c8a518c6-70b3-4f05-baa9-51182718fa1e"",""68a643a5-08dc-4e2b-9b94-d0e57f24502a"",""aeac022c-afe1-4b42-b092-626a6bc8d421"",""b1a39195-f346-45b4-8051-56a761158891"",""75df34cf-564a-46f0-b6f0-1763cb369454""]",0,complete,tokens,"[""ae1a1955-da3e-497d-9314-03a60d08afe6"",""c8a518c6-70b3-4f05-baa9-51182718fa1e"",""68a643a5-08dc-4e2b-9b94-d0e57f24502a"",""aeac022c-afe1-4b42-b092-626a6bc8d421"",""b1a39195-f346-45b4-8051-56a761158891"",""75df34cf-564a-46f0-b6f0-1763cb369454""]",0,"[""ae1a1955-da3e-497d-9314-03a60d08afe6"",""c8a518c6-70b3-4f05-baa9-51182718fa1e"",""68a643a5-08dc-4e2b-9b94-d0e57f24502a"",""aeac022c-afe1-4b42-b092-626a6bc8d421"",""b1a39195-f346-45b4-8051-56a761158891"",""75df34cf-564a-46f0-b6f0-1763cb369454""]",842555,complete,tokens,"[""ae1a1955-da3e-497d-9314-03a60d08afe6"",""c8a518c6-70b3-4f05-baa9-51182718fa1e"",""68a643a5-08dc-4e2b-9b94-d0e57f24502a"",""aeac022c-afe1-4b42-b092-626a6bc8d421"",""b1a39195-f346-45b4-8051-56a761158891"",""75df34cf-564a-46f0-b6f0-1763cb369454""]",842555,"[""ae1a1955-da3e-497d-9314-03a60d08afe6"",""c8a518c6-70b3-4f05-baa9-51182718fa1e"",""68a643a5-08dc-4e2b-9b94-d0e57f24502a"",""aeac022c-afe1-4b42-b092-626a6bc8d421"",""b1a39195-f346-45b4-8051-56a761158891"",""75df34cf-564a-46f0-b6f0-1763cb369454""]",842573,complete,tokens,"[""ae1a1955-da3e-497d-9314-03a60d08afe6"",""c8a518c6-70b3-4f05-baa9-51182718fa1e"",""68a643a5-08dc-4e2b-9b94-d0e57f24502a"",""aeac022c-afe1-4b42-b092-626a6bc8d421"",""b1a39195-f346-45b4-8051-56a761158891"",""75df34cf-564a-46f0-b6f0-1763cb369454""]",842573,"[""ae1a1955-da3e-497d-9314-03a60d08afe6"",""c8a518c6-70b3-4f05-baa9-51182718fa1e"",""68a643a5-08dc-4e2b-9b94-d0e57f24502a"",""aeac022c-afe1-4b42-b092-626a6bc8d421"",""b1a39195-f346-45b4-8051-56a761158891"",""75df34cf-564a-46f0-b6f0-1763cb369454""]",,missing,tokens,[],,"[""ae1a1955-da3e-497d-9314-03a60d08afe6"",""c8a518c6-70b3-4f05-baa9-51182718fa1e"",""68a643a5-08dc-4e2b-9b94-d0e57f24502a"",""aeac022c-afe1-4b42-b092-626a6bc8d421"",""b1a39195-f346-45b4-8051-56a761158891"",""75df34cf-564a-46f0-b6f0-1763cb369454""]",12958,complete,tokens,"[""ae1a1955-da3e-497d-9314-03a60d08afe6"",""c8a518c6-70b3-4f05-baa9-51182718fa1e"",""68a643a5-08dc-4e2b-9b94-d0e57f24502a"",""aeac022c-afe1-4b42-b092-626a6bc8d421"",""b1a39195-f346-45b4-8051-56a761158891"",""75df34cf-564a-46f0-b6f0-1763cb369454""]",12958,"[""ae1a1955-da3e-497d-9314-03a60d08afe6"",""c8a518c6-70b3-4f05-baa9-51182718fa1e"",""68a643a5-08dc-4e2b-9b94-d0e57f24502a"",""aeac022c-afe1-4b42-b092-626a6bc8d421"",""b1a39195-f346-45b4-8051-56a761158891"",""75df34cf-564a-46f0-b6f0-1763cb369454""]",5437,complete,tokens,"[""ae1a1955-da3e-497d-9314-03a60d08afe6"",""c8a518c6-70b3-4f05-baa9-51182718fa1e"",""68a643a5-08dc-4e2b-9b94-d0e57f24502a"",""aeac022c-afe1-4b42-b092-626a6bc8d421"",""b1a39195-f346-45b4-8051-56a761158891"",""75df34cf-564a-46f0-b6f0-1763cb369454""]",5437,"[""ae1a1955-da3e-497d-9314-03a60d08afe6"",""c8a518c6-70b3-4f05-baa9-51182718fa1e"",""68a643a5-08dc-4e2b-9b94-d0e57f24502a"",""aeac022c-afe1-4b42-b092-626a6bc8d421"",""b1a39195-f346-45b4-8051-56a761158891"",""75df34cf-564a-46f0-b6f0-1763cb369454""]",855531,complete,tokens,"[""ae1a1955-da3e-497d-9314-03a60d08afe6"",""c8a518c6-70b3-4f05-baa9-51182718fa1e"",""68a643a5-08dc-4e2b-9b94-d0e57f24502a"",""aeac022c-afe1-4b42-b092-626a6bc8d421"",""b1a39195-f346-45b4-8051-56a761158891"",""75df34cf-564a-46f0-b6f0-1763cb369454""]",855531,,6eebb52d-486a-4078-a076-2ea6b4f6be1c,observed,s,300.448230095,decimal,6,322b5c28-24cc-4e55-b016-02ba95419407,7f3eee68-18a1-4087-9b47-2a798fc9aaff,2026-10-07T02:26:54.999762Z,complete,terminal,,F derived from result binding 5320eb745ae05beb8f24a0487113c5ec1d7bafd3dd7d79fdf9ece2090195e25b,observed,F,1,text,sealed,content_failure,M7 exact derivation,observed,diagnoses,0,M7 exact derivation,observed,lines,48,1,0,M7 exact derivation,observed,diagnoses_per_100_lines,0,True,mixed: explicit per observation
M7-analysis-v5,2394b234-0bc9-5e4f-b3e2-b83fed46e68b,1,7088d640412b1590c758951e9cb83c9221bee137814f769998338b30d46716f1,E-P0R0,9992b253f08c976bf150bcd89ccfc9db54f8a1fda58ea3f4fad386b27c7c4138,c06be457-9745-422d-9d69-c0fa9cd7e0d5,dbb63e68d4ed9e904fa985aa5b88d674205b6caab086a8d981ac8918a9c68fb5,"[""4afc763c-033e-501c-9c9c-453207d31e62"",""1fed9611-d0cc-51e5-86e7-4ba237c836a2"",""0e4d4039-5409-5be7-a300-ded85e9c22d7"",""1c4afc6f-6679-57b7-ab6b-cec3053e85a1"",""76216ff6-0dab-5f43-913f-741c2deb7596"",""fe7c5fea-171a-5d3e-b93c-b9d53dca7c67"",""784c942d-b222-5013-a2e4-de4aa477a143"",""2f2d84f4-6f41-5df7-a828-cc0a3d9cdddf"",""c68f6332-f200-5595-940d-e5bcad78f1fe"",""54c3aba8-cb42-5023-9591-5cdd68bdd7c5"",""b9ac296e-4c6c-5cdc-9e03-14868c124af2"",""022ddff9-4332-5ba5-b884-42537f220a0c"",""0d262496-18e1-5973-84a6-84fbda64d0ff"",""447860c8-1d56-518b-88ad-7e103990b756"",""616ecfda-7163-5a8d-ba60-01f623d8b124"",""656bacfc-b102-5379-8db2-2f9f127621e0"",""88f2e658-6155-5924-bc85-63fe2aabb08a"",""9f032fb3-90ca-5749-aff5-1065077ac10e"",""4d2e4005-a84b-525b-a492-d367c5e405d0"",""12b20e20-e117-5c00-83bc-e589b92b730e"",""e97a5398-37b9-5e89-91a9-9b3ae48d9534"",""7a8f92c5-5f85-593a-bf90-08e13c60a2e6"",""aa66f5e3-ac0e-57d6-9b69-aa54ea7c4fb9"",""d07b7490-853e-562b-b662-305e89e7718d"",""596c0800-372d-5056-8a35-9f8661656bf4"",""d08816e6-d4d6-5f35-9de3-d86528fa7a96"",""2e126757-f17e-5ee2-93db-94d31ed944b2"",""5e1af4e2-330f-563f-b639-2d3cd8d276c8"",""49cd1889-2a56-5913-8723-929335f68874"",""82b898ba-3b6d-567f-8996-4f259b74547e"",""d38eb7d2-e78b-5c2f-93e4-2e34846e80e6"",""33effc64-dcfe-5ced-badf-c4df49f68dc1"",""a3a03b99-34c0-504b-b529-32b798db318a"",""8b3ec7b0-123f-5597-95f7-1fafc5810d01"",""035c5442-19b8-5a84-8a59-b352a9660279"",""d6d45010-72fa-5741-b733-88958a8795d2"",""ab8215e5-b753-5a6a-a4e7-ad9caf42eeac"",""1b20061c-b208-551a-b06c-81ffeff623fc"",""9b6d0913-2ae6-5dab-ab36-d05e1c51b208"",""a27c1fb2-edc1-57e6-9d74-adb5a13fed3b"",""4696448b-8c21-591b-80cc-7344ea0b95ec"",""c1d75a33-928c-5636-b99c-def1fb29e0f5"",""61eebfb6-2555-5bce-ba71-7a750427392a"",""aba074a1-d451-595d-bc12-e257adbe7383"",""1ca34094-ee4d-5962-a78a-174d361a9cd3"",""7edb0577-da07-5c6f-8391-bb90e9822165"",""d7c5d484-54dc-5d1e-a3ac-65d60267a12c"",""f416cc8b-3bc2-5c4c-a91c-c56faf748684""]",1,1,M7 exact derivation,observed,ratio,1,M7 exact derivation,observed,binary,1,M7 exact derivation,observed,binary,1,M7 exact derivation,observed,binary,1,M7 exact derivation,observed,binary,1,M7 exact derivation,observed,binary,1,M7 exact derivation,observed,binary,1,M7 exact derivation,observed,binary,1,,M6-evaluator-v1,observed,binary,1,decimal,,Menschliche lokale Selbstauskunft,observed,binary,1,decimal,,Menschliche lokale Selbstauskunft,observed,binary,1,decimal,,Menschliche lokale Selbstauskunft,observed,binary,1,decimal,,M6-evaluator-v1,observed,binary,1,decimal,M7 exact derivation,observed,binary,1,784c942d-b222-5013-a2e4-de4aa477a143,True,,7,Not collected,not_collected,s,,3,Not collected,not_collected,s,,0.057193150,USD,0.057193150,known,Not collected,not_collected,s,,Not collected,not_collected,s,,Not collected,not_collected,s,,Not collected,not_collected,s,,,71fec28e-3f68-4577-9fe6-23f8d7a1b1cf,observed,s,0,decimal,,71fec28e-3f68-4577-9fe6-23f8d7a1b1cf,observed,s,0,decimal,,71fec28e-3f68-4577-9fe6-23f8d7a1b1cf,observed,s,192.506283212,decimal,0,Not collected,not_collected,s,,Not collected,not_collected,s,,"[""6a343dda-80a2-4382-8b55-ecc51b13e964"",""e30eb6e7-86ef-4aa1-ad7f-26be7145409b"",""8c0784e6-c260-4ab5-94f5-d86acc91869f""]",0,complete,tokens,"[""6a343dda-80a2-4382-8b55-ecc51b13e964"",""e30eb6e7-86ef-4aa1-ad7f-26be7145409b"",""8c0784e6-c260-4ab5-94f5-d86acc91869f""]",0,"[""6a343dda-80a2-4382-8b55-ecc51b13e964"",""e30eb6e7-86ef-4aa1-ad7f-26be7145409b"",""8c0784e6-c260-4ab5-94f5-d86acc91869f""]",417490,complete,tokens,"[""6a343dda-80a2-4382-8b55-ecc51b13e964"",""e30eb6e7-86ef-4aa1-ad7f-26be7145409b"",""8c0784e6-c260-4ab5-94f5-d86acc91869f""]",417490,"[""6a343dda-80a2-4382-8b55-ecc51b13e964"",""e30eb6e7-86ef-4aa1-ad7f-26be7145409b"",""8c0784e6-c260-4ab5-94f5-d86acc91869f""]",417499,complete,tokens,"[""6a343dda-80a2-4382-8b55-ecc51b13e964"",""e30eb6e7-86ef-4aa1-ad7f-26be7145409b"",""8c0784e6-c260-4ab5-94f5-d86acc91869f""]",417499,"[""6a343dda-80a2-4382-8b55-ecc51b13e964"",""e30eb6e7-86ef-4aa1-ad7f-26be7145409b"",""8c0784e6-c260-4ab5-94f5-d86acc91869f""]",,missing,tokens,[],,"[""6a343dda-80a2-4382-8b55-ecc51b13e964"",""e30eb6e7-86ef-4aa1-ad7f-26be7145409b"",""8c0784e6-c260-4ab5-94f5-d86acc91869f""]",10012,complete,tokens,"[""6a343dda-80a2-4382-8b55-ecc51b13e964"",""e30eb6e7-86ef-4aa1-ad7f-26be7145409b"",""8c0784e6-c260-4ab5-94f5-d86acc91869f""]",10012,"[""6a343dda-80a2-4382-8b55-ecc51b13e964"",""e30eb6e7-86ef-4aa1-ad7f-26be7145409b"",""8c0784e6-c260-4ab5-94f5-d86acc91869f""]",4287,complete,tokens,"[""6a343dda-80a2-4382-8b55-ecc51b13e964"",""e30eb6e7-86ef-4aa1-ad7f-26be7145409b"",""8c0784e6-c260-4ab5-94f5-d86acc91869f""]",4287,"[""6a343dda-80a2-4382-8b55-ecc51b13e964"",""e30eb6e7-86ef-4aa1-ad7f-26be7145409b"",""8c0784e6-c260-4ab5-94f5-d86acc91869f""]",427511,complete,tokens,"[""6a343dda-80a2-4382-8b55-ecc51b13e964"",""e30eb6e7-86ef-4aa1-ad7f-26be7145409b"",""8c0784e6-c260-4ab5-94f5-d86acc91869f""]",427511,,71fec28e-3f68-4577-9fe6-23f8d7a1b1cf,observed,s,192.506283212,decimal,3,fa5f608b-1bc8-4691-9bd8-076d1cec2d1a,1b94b924-82de-4584-89ff-4ff93dbbcc26,2026-10-07T02:38:23.651552Z,complete,terminal,,F derived from result binding 8e52494041530b488d5587d1f51bc466b47501363bea3f788d06d06491ff3e26,observed,F,1,text,sealed,finished,M7 exact derivation,observed,diagnoses,0,M7 exact derivation,observed,lines,49,1,0,M7 exact derivation,observed,diagnoses_per_100_lines,0,True,mixed: explicit per observation
M7-analysis-v5,2394b234-0bc9-5e4f-b3e2-b83fed46e68b,1,7cc8ab71866a51b487247d3ffbda8bb7e4c78a71e4d8c67210ed2dfb4782b9bf,E-P0R1,672365878648f984edbe331765fbaca28450124b7e3695518e4c97c917409fb1,42edf356-9e72-44ce-9889-267b2eb71de0,dbb63e68d4ed9e904fa985aa5b88d674205b6caab086a8d981ac8918a9c68fb5,"[""4afc763c-033e-501c-9c9c-453207d31e62"",""1fed9611-d0cc-51e5-86e7-4ba237c836a2"",""0e4d4039-5409-5be7-a300-ded85e9c22d7"",""1c4afc6f-6679-57b7-ab6b-cec3053e85a1"",""76216ff6-0dab-5f43-913f-741c2deb7596"",""fe7c5fea-171a-5d3e-b93c-b9d53dca7c67"",""784c942d-b222-5013-a2e4-de4aa477a143"",""2f2d84f4-6f41-5df7-a828-cc0a3d9cdddf"",""c68f6332-f200-5595-940d-e5bcad78f1fe"",""54c3aba8-cb42-5023-9591-5cdd68bdd7c5"",""b9ac296e-4c6c-5cdc-9e03-14868c124af2"",""022ddff9-4332-5ba5-b884-42537f220a0c"",""0d262496-18e1-5973-84a6-84fbda64d0ff"",""447860c8-1d56-518b-88ad-7e103990b756"",""616ecfda-7163-5a8d-ba60-01f623d8b124"",""656bacfc-b102-5379-8db2-2f9f127621e0"",""88f2e658-6155-5924-bc85-63fe2aabb08a"",""9f032fb3-90ca-5749-aff5-1065077ac10e"",""4d2e4005-a84b-525b-a492-d367c5e405d0"",""12b20e20-e117-5c00-83bc-e589b92b730e"",""e97a5398-37b9-5e89-91a9-9b3ae48d9534"",""7a8f92c5-5f85-593a-bf90-08e13c60a2e6"",""aa66f5e3-ac0e-57d6-9b69-aa54ea7c4fb9"",""d07b7490-853e-562b-b662-305e89e7718d"",""596c0800-372d-5056-8a35-9f8661656bf4"",""d08816e6-d4d6-5f35-9de3-d86528fa7a96"",""2e126757-f17e-5ee2-93db-94d31ed944b2"",""5e1af4e2-330f-563f-b639-2d3cd8d276c8"",""49cd1889-2a56-5913-8723-929335f68874"",""82b898ba-3b6d-567f-8996-4f259b74547e"",""d38eb7d2-e78b-5c2f-93e4-2e34846e80e6"",""33effc64-dcfe-5ced-badf-c4df49f68dc1"",""a3a03b99-34c0-504b-b529-32b798db318a"",""8b3ec7b0-123f-5597-95f7-1fafc5810d01"",""035c5442-19b8-5a84-8a59-b352a9660279"",""d6d45010-72fa-5741-b733-88958a8795d2"",""ab8215e5-b753-5a6a-a4e7-ad9caf42eeac"",""1b20061c-b208-551a-b06c-81ffeff623fc"",""9b6d0913-2ae6-5dab-ab36-d05e1c51b208"",""a27c1fb2-edc1-57e6-9d74-adb5a13fed3b"",""4696448b-8c21-591b-80cc-7344ea0b95ec"",""c1d75a33-928c-5636-b99c-def1fb29e0f5"",""61eebfb6-2555-5bce-ba71-7a750427392a"",""aba074a1-d451-595d-bc12-e257adbe7383"",""1ca34094-ee4d-5962-a78a-174d361a9cd3"",""7edb0577-da07-5c6f-8391-bb90e9822165"",""d7c5d484-54dc-5d1e-a3ac-65d60267a12c"",""f416cc8b-3bc2-5c4c-a91c-c56faf748684""]",1,1,M7 exact derivation,observed,ratio,1,M7 exact derivation,observed,binary,1,M7 exact derivation,observed,binary,1,M7 exact derivation,observed,binary,1,M7 exact derivation,observed,binary,1,M7 exact derivation,observed,binary,1,M7 exact derivation,observed,binary,1,M7 exact derivation,observed,binary,1,,M6-evaluator-v1,observed,binary,1,decimal,,Menschliche lokale Selbstauskunft,observed,binary,1,decimal,,Menschliche lokale Selbstauskunft,observed,binary,1,decimal,,Menschliche lokale Selbstauskunft,observed,binary,1,decimal,,M6-evaluator-v1,observed,binary,1,decimal,M7 exact derivation,observed,binary,1,2f2d84f4-6f41-5df7-a828-cc0a3d9cdddf,True,,8,Not collected,not_collected,s,,5,Not collected,not_collected,s,,0.094728250,USD,0.094728250,known,Not collected,not_collected,s,,Not collected,not_collected,s,,Not collected,not_collected,s,,Not collected,not_collected,s,,,5637f031-5568-4f67-bfd9-d8089de7edaf,observed,s,0,decimal,,5637f031-5568-4f67-bfd9-d8089de7edaf,observed,s,0,decimal,,5637f031-5568-4f67-bfd9-d8089de7edaf,observed,s,268.046795830,decimal,1,Not collected,not_collected,s,,Not collected,not_collected,s,,"[""de0ebaab-735c-407b-a131-6b73e1a60d9d"",""096d6a9f-bd29-485f-ab70-4c17715af52c"",""057ac765-e078-4fba-a1f8-ffa620f9434c"",""fe21363b-631d-4fdf-8db8-fabb9f05f613"",""2b91b091-6cf6-4675-97e4-d1910efce043""]",0,complete,tokens,"[""de0ebaab-735c-407b-a131-6b73e1a60d9d"",""096d6a9f-bd29-485f-ab70-4c17715af52c"",""057ac765-e078-4fba-a1f8-ffa620f9434c"",""fe21363b-631d-4fdf-8db8-fabb9f05f613"",""2b91b091-6cf6-4675-97e4-d1910efce043""]",0,"[""de0ebaab-735c-407b-a131-6b73e1a60d9d"",""096d6a9f-bd29-485f-ab70-4c17715af52c"",""057ac765-e078-4fba-a1f8-ffa620f9434c"",""fe21363b-631d-4fdf-8db8-fabb9f05f613"",""2b91b091-6cf6-4675-97e4-d1910efce043""]",714830,complete,tokens,"[""de0ebaab-735c-407b-a131-6b73e1a60d9d"",""096d6a9f-bd29-485f-ab70-4c17715af52c"",""057ac765-e078-4fba-a1f8-ffa620f9434c"",""fe21363b-631d-4fdf-8db8-fabb9f05f613"",""2b91b091-6cf6-4675-97e4-d1910efce043""]",714830,"[""de0ebaab-735c-407b-a131-6b73e1a60d9d"",""096d6a9f-bd29-485f-ab70-4c17715af52c"",""057ac765-e078-4fba-a1f8-ffa620f9434c"",""fe21363b-631d-4fdf-8db8-fabb9f05f613"",""2b91b091-6cf6-4675-97e4-d1910efce043""]",714845,complete,tokens,"[""de0ebaab-735c-407b-a131-6b73e1a60d9d"",""096d6a9f-bd29-485f-ab70-4c17715af52c"",""057ac765-e078-4fba-a1f8-ffa620f9434c"",""fe21363b-631d-4fdf-8db8-fabb9f05f613"",""2b91b091-6cf6-4675-97e4-d1910efce043""]",714845,"[""de0ebaab-735c-407b-a131-6b73e1a60d9d"",""096d6a9f-bd29-485f-ab70-4c17715af52c"",""057ac765-e078-4fba-a1f8-ffa620f9434c"",""fe21363b-631d-4fdf-8db8-fabb9f05f613"",""2b91b091-6cf6-4675-97e4-d1910efce043""]",,missing,tokens,[],,"[""de0ebaab-735c-407b-a131-6b73e1a60d9d"",""096d6a9f-bd29-485f-ab70-4c17715af52c"",""057ac765-e078-4fba-a1f8-ffa620f9434c"",""fe21363b-631d-4fdf-8db8-fabb9f05f613"",""2b91b091-6cf6-4675-97e4-d1910efce043""]",10746,complete,tokens,"[""de0ebaab-735c-407b-a131-6b73e1a60d9d"",""096d6a9f-bd29-485f-ab70-4c17715af52c"",""057ac765-e078-4fba-a1f8-ffa620f9434c"",""fe21363b-631d-4fdf-8db8-fabb9f05f613"",""2b91b091-6cf6-4675-97e4-d1910efce043""]",10746,"[""de0ebaab-735c-407b-a131-6b73e1a60d9d"",""096d6a9f-bd29-485f-ab70-4c17715af52c"",""057ac765-e078-4fba-a1f8-ffa620f9434c"",""fe21363b-631d-4fdf-8db8-fabb9f05f613"",""2b91b091-6cf6-4675-97e4-d1910efce043""]",4382,complete,tokens,"[""de0ebaab-735c-407b-a131-6b73e1a60d9d"",""096d6a9f-bd29-485f-ab70-4c17715af52c"",""057ac765-e078-4fba-a1f8-ffa620f9434c"",""fe21363b-631d-4fdf-8db8-fabb9f05f613"",""2b91b091-6cf6-4675-97e4-d1910efce043""]",4382,"[""de0ebaab-735c-407b-a131-6b73e1a60d9d"",""096d6a9f-bd29-485f-ab70-4c17715af52c"",""057ac765-e078-4fba-a1f8-ffa620f9434c"",""fe21363b-631d-4fdf-8db8-fabb9f05f613"",""2b91b091-6cf6-4675-97e4-d1910efce043""]",725591,complete,tokens,"[""de0ebaab-735c-407b-a131-6b73e1a60d9d"",""096d6a9f-bd29-485f-ab70-4c17715af52c"",""057ac765-e078-4fba-a1f8-ffa620f9434c"",""fe21363b-631d-4fdf-8db8-fabb9f05f613"",""2b91b091-6cf6-4675-97e4-d1910efce043""]",725591,,5637f031-5568-4f67-bfd9-d8089de7edaf,observed,s,268.046795830,decimal,5,9a086f43-e08c-467a-9796-c410d40cdfda,66ccfa55-1c51-4588-b3fd-939b4ab5cf3a,2026-10-07T02:50:44.741421Z,complete,terminal,,F derived from result binding fe7a5c8ec00ca80e093c1b3613f52a030242affce574a75d1ef12ff08205c4e5,observed,F,1,text,sealed,content_failure,M7 exact derivation,observed,diagnoses,0,M7 exact derivation,observed,lines,42,1,0,M7 exact derivation,observed,diagnoses_per_100_lines,0,True,mixed: explicit per observation
M7-analysis-v5,2394b234-0bc9-5e4f-b3e2-b83fed46e68b,1,ccba2ef5b0e0aacecff5dc4dda7a2f2396b2db7fbe4467b206a640c006dec3b1,C-UP-0,c9b1cb0ac1f796fd7d6ed58a0ff22c16832977bd6a97c5a7afbce6e1adc06824,bc62af86-8509-48fe-a3bb-42e1d77fa60f,dbb63e68d4ed9e904fa985aa5b88d674205b6caab086a8d981ac8918a9c68fb5,"[""4afc763c-033e-501c-9c9c-453207d31e62"",""1fed9611-d0cc-51e5-86e7-4ba237c836a2"",""0e4d4039-5409-5be7-a300-ded85e9c22d7"",""1c4afc6f-6679-57b7-ab6b-cec3053e85a1"",""76216ff6-0dab-5f43-913f-741c2deb7596"",""fe7c5fea-171a-5d3e-b93c-b9d53dca7c67"",""784c942d-b222-5013-a2e4-de4aa477a143"",""2f2d84f4-6f41-5df7-a828-cc0a3d9cdddf"",""c68f6332-f200-5595-940d-e5bcad78f1fe"",""54c3aba8-cb42-5023-9591-5cdd68bdd7c5"",""b9ac296e-4c6c-5cdc-9e03-14868c124af2"",""022ddff9-4332-5ba5-b884-42537f220a0c"",""0d262496-18e1-5973-84a6-84fbda64d0ff"",""447860c8-1d56-518b-88ad-7e103990b756"",""616ecfda-7163-5a8d-ba60-01f623d8b124"",""656bacfc-b102-5379-8db2-2f9f127621e0"",""88f2e658-6155-5924-bc85-63fe2aabb08a"",""9f032fb3-90ca-5749-aff5-1065077ac10e"",""4d2e4005-a84b-525b-a492-d367c5e405d0"",""12b20e20-e117-5c00-83bc-e589b92b730e"",""e97a5398-37b9-5e89-91a9-9b3ae48d9534"",""7a8f92c5-5f85-593a-bf90-08e13c60a2e6"",""aa66f5e3-ac0e-57d6-9b69-aa54ea7c4fb9"",""d07b7490-853e-562b-b662-305e89e7718d"",""596c0800-372d-5056-8a35-9f8661656bf4"",""d08816e6-d4d6-5f35-9de3-d86528fa7a96"",""2e126757-f17e-5ee2-93db-94d31ed944b2"",""5e1af4e2-330f-563f-b639-2d3cd8d276c8"",""49cd1889-2a56-5913-8723-929335f68874"",""82b898ba-3b6d-567f-8996-4f259b74547e"",""d38eb7d2-e78b-5c2f-93e4-2e34846e80e6"",""33effc64-dcfe-5ced-badf-c4df49f68dc1"",""a3a03b99-34c0-504b-b529-32b798db318a"",""8b3ec7b0-123f-5597-95f7-1fafc5810d01"",""035c5442-19b8-5a84-8a59-b352a9660279"",""d6d45010-72fa-5741-b733-88958a8795d2"",""ab8215e5-b753-5a6a-a4e7-ad9caf42eeac"",""1b20061c-b208-551a-b06c-81ffeff623fc"",""9b6d0913-2ae6-5dab-ab36-d05e1c51b208"",""a27c1fb2-edc1-57e6-9d74-adb5a13fed3b"",""4696448b-8c21-591b-80cc-7344ea0b95ec"",""c1d75a33-928c-5636-b99c-def1fb29e0f5"",""61eebfb6-2555-5bce-ba71-7a750427392a"",""aba074a1-d451-595d-bc12-e257adbe7383"",""1ca34094-ee4d-5962-a78a-174d361a9cd3"",""7edb0577-da07-5c6f-8391-bb90e9822165"",""d7c5d484-54dc-5d1e-a3ac-65d60267a12c"",""f416cc8b-3bc2-5c4c-a91c-c56faf748684""]",3,1,M7 exact derivation,observed,ratio,1/3,M7 exact derivation,observed,binary,1,M7 exact derivation,observed,binary,0,M7 exact derivation,observed,binary,0,M7 exact derivation,observed,binary,1,M7 exact derivation,observed,binary,0,M7 exact derivation,observed,binary,0,M7 exact derivation,observed,binary,1,,M6-evaluator-v1,observed,binary,1,decimal,,Menschliche lokale Selbstauskunft,observed,binary,1,decimal,,Menschliche lokale Selbstauskunft,observed,binary,1,decimal,,Menschliche lokale Selbstauskunft,observed,binary,1,decimal,,M6-evaluator-v1,observed,binary,1,decimal,M7 exact derivation,observed,binary,0,c68f6332-f200-5595-940d-e5bcad78f1fe,True,,9,Not collected,not_collected,s,,6,Not collected,not_collected,s,,0.119611550,USD,0.119611550,known,Not collected,not_collected,s,,Not collected,not_collected,s,,Not collected,not_collected,s,,Not collected,not_collected,s,,,92fe0e9e-bcbf-449e-865e-112d78adf6db,observed,s,0,decimal,,92fe0e9e-bcbf-449e-865e-112d78adf6db,observed,s,0,decimal,,92fe0e9e-bcbf-449e-865e-112d78adf6db,observed,s,421.728382440,decimal,1,Not collected,not_collected,s,,Not collected,not_collected,s,,"[""f5350162-7355-4214-bf0b-26abccef14f4"",""cc47854c-0a49-44ac-bfb0-2310de1be304"",""0f4a1ef1-3140-42a3-a3c1-f569536b00ca"",""8b1cd0b5-6eaf-4ee9-b083-8949b898a7b9"",""6eceab3f-2fb9-428d-924f-7fb68aed6b35"",""77ea41e9-d21f-44fb-87d1-57a34dfea0f4""]",0,complete,tokens,"[""f5350162-7355-4214-bf0b-26abccef14f4"",""cc47854c-0a49-44ac-bfb0-2310de1be304"",""0f4a1ef1-3140-42a3-a3c1-f569536b00ca"",""8b1cd0b5-6eaf-4ee9-b083-8949b898a7b9"",""6eceab3f-2fb9-428d-924f-7fb68aed6b35"",""77ea41e9-d21f-44fb-87d1-57a34dfea0f4""]",0,"[""f5350162-7355-4214-bf0b-26abccef14f4"",""cc47854c-0a49-44ac-bfb0-2310de1be304"",""0f4a1ef1-3140-42a3-a3c1-f569536b00ca"",""8b1cd0b5-6eaf-4ee9-b083-8949b898a7b9"",""6eceab3f-2fb9-428d-924f-7fb68aed6b35"",""77ea41e9-d21f-44fb-87d1-57a34dfea0f4""]",851922,complete,tokens,"[""f5350162-7355-4214-bf0b-26abccef14f4"",""cc47854c-0a49-44ac-bfb0-2310de1be304"",""0f4a1ef1-3140-42a3-a3c1-f569536b00ca"",""8b1cd0b5-6eaf-4ee9-b083-8949b898a7b9"",""6eceab3f-2fb9-428d-924f-7fb68aed6b35"",""77ea41e9-d21f-44fb-87d1-57a34dfea0f4""]",851922,"[""f5350162-7355-4214-bf0b-26abccef14f4"",""cc47854c-0a49-44ac-bfb0-2310de1be304"",""0f4a1ef1-3140-42a3-a3c1-f569536b00ca"",""8b1cd0b5-6eaf-4ee9-b083-8949b898a7b9"",""6eceab3f-2fb9-428d-924f-7fb68aed6b35"",""77ea41e9-d21f-44fb-87d1-57a34dfea0f4""]",851940,complete,tokens,"[""f5350162-7355-4214-bf0b-26abccef14f4"",""cc47854c-0a49-44ac-bfb0-2310de1be304"",""0f4a1ef1-3140-42a3-a3c1-f569536b00ca"",""8b1cd0b5-6eaf-4ee9-b083-8949b898a7b9"",""6eceab3f-2fb9-428d-924f-7fb68aed6b35"",""77ea41e9-d21f-44fb-87d1-57a34dfea0f4""]",851940,"[""f5350162-7355-4214-bf0b-26abccef14f4"",""cc47854c-0a49-44ac-bfb0-2310de1be304"",""0f4a1ef1-3140-42a3-a3c1-f569536b00ca"",""8b1cd0b5-6eaf-4ee9-b083-8949b898a7b9"",""6eceab3f-2fb9-428d-924f-7fb68aed6b35"",""77ea41e9-d21f-44fb-87d1-57a34dfea0f4""]",,missing,tokens,[],,"[""f5350162-7355-4214-bf0b-26abccef14f4"",""cc47854c-0a49-44ac-bfb0-2310de1be304"",""0f4a1ef1-3140-42a3-a3c1-f569536b00ca"",""8b1cd0b5-6eaf-4ee9-b083-8949b898a7b9"",""6eceab3f-2fb9-428d-924f-7fb68aed6b35"",""77ea41e9-d21f-44fb-87d1-57a34dfea0f4""]",26239,complete,tokens,"[""f5350162-7355-4214-bf0b-26abccef14f4"",""cc47854c-0a49-44ac-bfb0-2310de1be304"",""0f4a1ef1-3140-42a3-a3c1-f569536b00ca"",""8b1cd0b5-6eaf-4ee9-b083-8949b898a7b9"",""6eceab3f-2fb9-428d-924f-7fb68aed6b35"",""77ea41e9-d21f-44fb-87d1-57a34dfea0f4""]",26239,"[""f5350162-7355-4214-bf0b-26abccef14f4"",""cc47854c-0a49-44ac-bfb0-2310de1be304"",""0f4a1ef1-3140-42a3-a3c1-f569536b00ca"",""8b1cd0b5-6eaf-4ee9-b083-8949b898a7b9"",""6eceab3f-2fb9-428d-924f-7fb68aed6b35"",""77ea41e9-d21f-44fb-87d1-57a34dfea0f4""]",14606,complete,tokens,"[""f5350162-7355-4214-bf0b-26abccef14f4"",""cc47854c-0a49-44ac-bfb0-2310de1be304"",""0f4a1ef1-3140-42a3-a3c1-f569536b00ca"",""8b1cd0b5-6eaf-4ee9-b083-8949b898a7b9"",""6eceab3f-2fb9-428d-924f-7fb68aed6b35"",""77ea41e9-d21f-44fb-87d1-57a34dfea0f4""]",14606,"[""f5350162-7355-4214-bf0b-26abccef14f4"",""cc47854c-0a49-44ac-bfb0-2310de1be304"",""0f4a1ef1-3140-42a3-a3c1-f569536b00ca"",""8b1cd0b5-6eaf-4ee9-b083-8949b898a7b9"",""6eceab3f-2fb9-428d-924f-7fb68aed6b35"",""77ea41e9-d21f-44fb-87d1-57a34dfea0f4""]",878179,complete,tokens,"[""f5350162-7355-4214-bf0b-26abccef14f4"",""cc47854c-0a49-44ac-bfb0-2310de1be304"",""0f4a1ef1-3140-42a3-a3c1-f569536b00ca"",""8b1cd0b5-6eaf-4ee9-b083-8949b898a7b9"",""6eceab3f-2fb9-428d-924f-7fb68aed6b35"",""77ea41e9-d21f-44fb-87d1-57a34dfea0f4""]",878179,,92fe0e9e-bcbf-449e-865e-112d78adf6db,observed,s,421.728382440,decimal,6,7cd402ff-ad21-43c9-af63-6dd50d569082,7fd6a781-f4a7-42e5-ac20-555aaf92c6ad,2026-10-07T03:05:47.915191Z,complete,terminal,,F derived from result binding 102d31386a48eb52e38a2e0a0c0e33d79d53c3e8e32952ce59ed67b65b1065ef,observed,F,1/3,text,sealed,content_failure,M7 exact derivation,observed,diagnoses,1,M7 exact derivation,observed,lines,132,33,25,M7 exact derivation,observed,diagnoses_per_100_lines,25/33,True,mixed: explicit per observation
M7-analysis-v5,2394b234-0bc9-5e4f-b3e2-b83fed46e68b,1,5e0fbfc05fae86466156411ca5406afbafd0bf52c6a8714a5a061a4369bcd6c8,C-UP-1,697a8773c39d3aeb811def2802fdfd50db20dd75d55c50f4e8cf44982a79f651,8e15ece0-8ea4-4d53-b1a9-80d5a0796af7,dbb63e68d4ed9e904fa985aa5b88d674205b6caab086a8d981ac8918a9c68fb5,"[""4afc763c-033e-501c-9c9c-453207d31e62"",""1fed9611-d0cc-51e5-86e7-4ba237c836a2"",""0e4d4039-5409-5be7-a300-ded85e9c22d7"",""1c4afc6f-6679-57b7-ab6b-cec3053e85a1"",""76216ff6-0dab-5f43-913f-741c2deb7596"",""fe7c5fea-171a-5d3e-b93c-b9d53dca7c67"",""784c942d-b222-5013-a2e4-de4aa477a143"",""2f2d84f4-6f41-5df7-a828-cc0a3d9cdddf"",""c68f6332-f200-5595-940d-e5bcad78f1fe"",""54c3aba8-cb42-5023-9591-5cdd68bdd7c5"",""b9ac296e-4c6c-5cdc-9e03-14868c124af2"",""022ddff9-4332-5ba5-b884-42537f220a0c"",""0d262496-18e1-5973-84a6-84fbda64d0ff"",""447860c8-1d56-518b-88ad-7e103990b756"",""616ecfda-7163-5a8d-ba60-01f623d8b124"",""656bacfc-b102-5379-8db2-2f9f127621e0"",""88f2e658-6155-5924-bc85-63fe2aabb08a"",""9f032fb3-90ca-5749-aff5-1065077ac10e"",""4d2e4005-a84b-525b-a492-d367c5e405d0"",""12b20e20-e117-5c00-83bc-e589b92b730e"",""e97a5398-37b9-5e89-91a9-9b3ae48d9534"",""7a8f92c5-5f85-593a-bf90-08e13c60a2e6"",""aa66f5e3-ac0e-57d6-9b69-aa54ea7c4fb9"",""d07b7490-853e-562b-b662-305e89e7718d"",""596c0800-372d-5056-8a35-9f8661656bf4"",""d08816e6-d4d6-5f35-9de3-d86528fa7a96"",""2e126757-f17e-5ee2-93db-94d31ed944b2"",""5e1af4e2-330f-563f-b639-2d3cd8d276c8"",""49cd1889-2a56-5913-8723-929335f68874"",""82b898ba-3b6d-567f-8996-4f259b74547e"",""d38eb7d2-e78b-5c2f-93e4-2e34846e80e6"",""33effc64-dcfe-5ced-badf-c4df49f68dc1"",""a3a03b99-34c0-504b-b529-32b798db318a"",""8b3ec7b0-123f-5597-95f7-1fafc5810d01"",""035c5442-19b8-5a84-8a59-b352a9660279"",""d6d45010-72fa-5741-b733-88958a8795d2"",""ab8215e5-b753-5a6a-a4e7-ad9caf42eeac"",""1b20061c-b208-551a-b06c-81ffeff623fc"",""9b6d0913-2ae6-5dab-ab36-d05e1c51b208"",""a27c1fb2-edc1-57e6-9d74-adb5a13fed3b"",""4696448b-8c21-591b-80cc-7344ea0b95ec"",""c1d75a33-928c-5636-b99c-def1fb29e0f5"",""61eebfb6-2555-5bce-ba71-7a750427392a"",""aba074a1-d451-595d-bc12-e257adbe7383"",""1ca34094-ee4d-5962-a78a-174d361a9cd3"",""7edb0577-da07-5c6f-8391-bb90e9822165"",""d7c5d484-54dc-5d1e-a3ac-65d60267a12c"",""f416cc8b-3bc2-5c4c-a91c-c56faf748684""]",3,1,M7 exact derivation,observed,ratio,1/3,M7 exact derivation,observed,binary,1,M7 exact derivation,observed,binary,0,M7 exact derivation,observed,binary,0,M7 exact derivation,observed,binary,1,M7 exact derivation,observed,binary,0,M7 exact derivation,observed,binary,0,M7 exact derivation,observed,binary,1,,M6-evaluator-v1,observed,binary,1,decimal,,Menschliche lokale Selbstauskunft,observed,binary,1,decimal,,Menschliche lokale Selbstauskunft,observed,binary,1,decimal,,Menschliche lokale Selbstauskunft,observed,binary,1,decimal,,M6-evaluator-v1,observed,binary,1,decimal,M7 exact derivation,observed,binary,0,54c3aba8-cb42-5023-9591-5cdd68bdd7c5,True,,10,Not collected,not_collected,s,,6,Not collected,not_collected,s,,0.118836925,USD,0.118836925,known,Not collected,not_collected,s,,Not collected,not_collected,s,,Not collected,not_collected,s,,Not collected,not_collected,s,,,1c130179-bb40-4406-815a-542c444d769d,observed,s,0,decimal,,1c130179-bb40-4406-815a-542c444d769d,observed,s,0,decimal,,1c130179-bb40-4406-815a-542c444d769d,observed,s,370.775291962,decimal,1,Not collected,not_collected,s,,Not collected,not_collected,s,,"[""6d310c16-723c-4537-9236-82d34440f138"",""13b17e74-d9a5-431b-aed4-451d4b9c619f"",""34de0e12-6432-4a40-b1b1-83bbcd0d2c3d"",""324be5e4-33da-490f-a352-315fa4558721"",""19ef50d4-27d0-4565-8d74-e2f03db34124"",""56a5717f-a117-4787-a931-0965865cb7db""]",0,complete,tokens,"[""6d310c16-723c-4537-9236-82d34440f138"",""13b17e74-d9a5-431b-aed4-451d4b9c619f"",""34de0e12-6432-4a40-b1b1-83bbcd0d2c3d"",""324be5e4-33da-490f-a352-315fa4558721"",""19ef50d4-27d0-4565-8d74-e2f03db34124"",""56a5717f-a117-4787-a931-0965865cb7db""]",0,"[""6d310c16-723c-4537-9236-82d34440f138"",""13b17e74-d9a5-431b-aed4-451d4b9c619f"",""34de0e12-6432-4a40-b1b1-83bbcd0d2c3d"",""324be5e4-33da-490f-a352-315fa4558721"",""19ef50d4-27d0-4565-8d74-e2f03db34124"",""56a5717f-a117-4787-a931-0965865cb7db""]",861781,complete,tokens,"[""6d310c16-723c-4537-9236-82d34440f138"",""13b17e74-d9a5-431b-aed4-451d4b9c619f"",""34de0e12-6432-4a40-b1b1-83bbcd0d2c3d"",""324be5e4-33da-490f-a352-315fa4558721"",""19ef50d4-27d0-4565-8d74-e2f03db34124"",""56a5717f-a117-4787-a931-0965865cb7db""]",861781,"[""6d310c16-723c-4537-9236-82d34440f138"",""13b17e74-d9a5-431b-aed4-451d4b9c619f"",""34de0e12-6432-4a40-b1b1-83bbcd0d2c3d"",""324be5e4-33da-490f-a352-315fa4558721"",""19ef50d4-27d0-4565-8d74-e2f03db34124"",""56a5717f-a117-4787-a931-0965865cb7db""]",861799,complete,tokens,"[""6d310c16-723c-4537-9236-82d34440f138"",""13b17e74-d9a5-431b-aed4-451d4b9c619f"",""34de0e12-6432-4a40-b1b1-83bbcd0d2c3d"",""324be5e4-33da-490f-a352-315fa4558721"",""19ef50d4-27d0-4565-8d74-e2f03db34124"",""56a5717f-a117-4787-a931-0965865cb7db""]",861799,"[""6d310c16-723c-4537-9236-82d34440f138"",""13b17e74-d9a5-431b-aed4-451d4b9c619f"",""34de0e12-6432-4a40-b1b1-83bbcd0d2c3d"",""324be5e4-33da-490f-a352-315fa4558721"",""19ef50d4-27d0-4565-8d74-e2f03db34124"",""56a5717f-a117-4787-a931-0965865cb7db""]",,missing,tokens,[],,"[""6d310c16-723c-4537-9236-82d34440f138"",""13b17e74-d9a5-431b-aed4-451d4b9c619f"",""34de0e12-6432-4a40-b1b1-83bbcd0d2c3d"",""324be5e4-33da-490f-a352-315fa4558721"",""19ef50d4-27d0-4565-8d74-e2f03db34124"",""56a5717f-a117-4787-a931-0965865cb7db""]",22225,complete,tokens,"[""6d310c16-723c-4537-9236-82d34440f138"",""13b17e74-d9a5-431b-aed4-451d4b9c619f"",""34de0e12-6432-4a40-b1b1-83bbcd0d2c3d"",""324be5e4-33da-490f-a352-315fa4558721"",""19ef50d4-27d0-4565-8d74-e2f03db34124"",""56a5717f-a117-4787-a931-0965865cb7db""]",22225,"[""6d310c16-723c-4537-9236-82d34440f138"",""13b17e74-d9a5-431b-aed4-451d4b9c619f"",""34de0e12-6432-4a40-b1b1-83bbcd0d2c3d"",""324be5e4-33da-490f-a352-315fa4558721"",""19ef50d4-27d0-4565-8d74-e2f03db34124"",""56a5717f-a117-4787-a931-0965865cb7db""]",11666,complete,tokens,"[""6d310c16-723c-4537-9236-82d34440f138"",""13b17e74-d9a5-431b-aed4-451d4b9c619f"",""34de0e12-6432-4a40-b1b1-83bbcd0d2c3d"",""324be5e4-33da-490f-a352-315fa4558721"",""19ef50d4-27d0-4565-8d74-e2f03db34124"",""56a5717f-a117-4787-a931-0965865cb7db""]",11666,"[""6d310c16-723c-4537-9236-82d34440f138"",""13b17e74-d9a5-431b-aed4-451d4b9c619f"",""34de0e12-6432-4a40-b1b1-83bbcd0d2c3d"",""324be5e4-33da-490f-a352-315fa4558721"",""19ef50d4-27d0-4565-8d74-e2f03db34124"",""56a5717f-a117-4787-a931-0965865cb7db""]",884024,complete,tokens,"[""6d310c16-723c-4537-9236-82d34440f138"",""13b17e74-d9a5-431b-aed4-451d4b9c619f"",""34de0e12-6432-4a40-b1b1-83bbcd0d2c3d"",""324be5e4-33da-490f-a352-315fa4558721"",""19ef50d4-27d0-4565-8d74-e2f03db34124"",""56a5717f-a117-4787-a931-0965865cb7db""]",884024,,1c130179-bb40-4406-815a-542c444d769d,observed,s,370.775291962,decimal,6,6852f6bd-ec09-4aa3-98a6-6aa6065e725e,7791dd06-3334-4728-9e0e-00670d508255,2026-10-07T03:20:51.522649Z,complete,terminal,,F derived from result binding fb749d0d865bb783e2ac66d237a9815d7b5f234761dbce015be1df711615f644,observed,F,1/3,text,sealed,content_failure,M7 exact derivation,observed,diagnoses,2,M7 exact derivation,observed,lines,106,53,100,M7 exact derivation,observed,diagnoses_per_100_lines,100/53,True,mixed: explicit per observation
M7-analysis-v5,2394b234-0bc9-5e4f-b3e2-b83fed46e68b,1,24d26c51c32d9d069e0f68dab3c127eac8f1396112f5cbbbbecc9384af7c0a0e,E-BB,b26081b6041d83b27d357511d1cbaa4be007a74fd351a784a31834412284db93,26c9e1ce-c552-46f9-9d50-4cc6179591a3,dbb63e68d4ed9e904fa985aa5b88d674205b6caab086a8d981ac8918a9c68fb5,"[""4afc763c-033e-501c-9c9c-453207d31e62"",""1fed9611-d0cc-51e5-86e7-4ba237c836a2"",""0e4d4039-5409-5be7-a300-ded85e9c22d7"",""1c4afc6f-6679-57b7-ab6b-cec3053e85a1"",""76216ff6-0dab-5f43-913f-741c2deb7596"",""fe7c5fea-171a-5d3e-b93c-b9d53dca7c67"",""784c942d-b222-5013-a2e4-de4aa477a143"",""2f2d84f4-6f41-5df7-a828-cc0a3d9cdddf"",""c68f6332-f200-5595-940d-e5bcad78f1fe"",""54c3aba8-cb42-5023-9591-5cdd68bdd7c5"",""b9ac296e-4c6c-5cdc-9e03-14868c124af2"",""022ddff9-4332-5ba5-b884-42537f220a0c"",""0d262496-18e1-5973-84a6-84fbda64d0ff"",""447860c8-1d56-518b-88ad-7e103990b756"",""616ecfda-7163-5a8d-ba60-01f623d8b124"",""656bacfc-b102-5379-8db2-2f9f127621e0"",""88f2e658-6155-5924-bc85-63fe2aabb08a"",""9f032fb3-90ca-5749-aff5-1065077ac10e"",""4d2e4005-a84b-525b-a492-d367c5e405d0"",""12b20e20-e117-5c00-83bc-e589b92b730e"",""e97a5398-37b9-5e89-91a9-9b3ae48d9534"",""7a8f92c5-5f85-593a-bf90-08e13c60a2e6"",""aa66f5e3-ac0e-57d6-9b69-aa54ea7c4fb9"",""d07b7490-853e-562b-b662-305e89e7718d"",""596c0800-372d-5056-8a35-9f8661656bf4"",""d08816e6-d4d6-5f35-9de3-d86528fa7a96"",""2e126757-f17e-5ee2-93db-94d31ed944b2"",""5e1af4e2-330f-563f-b639-2d3cd8d276c8"",""49cd1889-2a56-5913-8723-929335f68874"",""82b898ba-3b6d-567f-8996-4f259b74547e"",""d38eb7d2-e78b-5c2f-93e4-2e34846e80e6"",""33effc64-dcfe-5ced-badf-c4df49f68dc1"",""a3a03b99-34c0-504b-b529-32b798db318a"",""8b3ec7b0-123f-5597-95f7-1fafc5810d01"",""035c5442-19b8-5a84-8a59-b352a9660279"",""d6d45010-72fa-5741-b733-88958a8795d2"",""ab8215e5-b753-5a6a-a4e7-ad9caf42eeac"",""1b20061c-b208-551a-b06c-81ffeff623fc"",""9b6d0913-2ae6-5dab-ab36-d05e1c51b208"",""a27c1fb2-edc1-57e6-9d74-adb5a13fed3b"",""4696448b-8c21-591b-80cc-7344ea0b95ec"",""c1d75a33-928c-5636-b99c-def1fb29e0f5"",""61eebfb6-2555-5bce-ba71-7a750427392a"",""aba074a1-d451-595d-bc12-e257adbe7383"",""1ca34094-ee4d-5962-a78a-174d361a9cd3"",""7edb0577-da07-5c6f-8391-bb90e9822165"",""d7c5d484-54dc-5d1e-a3ac-65d60267a12c"",""f416cc8b-3bc2-5c4c-a91c-c56faf748684""]",1,1,M7 exact derivation,observed,ratio,1,M7 exact derivation,observed,binary,1,M7 exact derivation,observed,binary,1,M7 exact derivation,observed,binary,1,M7 exact derivation,observed,binary,1,M7 exact derivation,observed,binary,1,M7 exact derivation,observed,binary,1,M7 exact derivation,observed,binary,1,,M6-evaluator-v1,observed,binary,1,decimal,,Menschliche lokale Selbstauskunft,observed,binary,1,decimal,,Menschliche lokale Selbstauskunft,observed,binary,1,decimal,,Menschliche lokale Selbstauskunft,observed,binary,1,decimal,,M6-evaluator-v1,observed,binary,1,decimal,M7 exact derivation,observed,binary,1,b9ac296e-4c6c-5cdc-9e03-14868c124af2,True,,11,Not collected,not_collected,s,,5,Not collected,not_collected,s,,0.1388557352,USD,0.1388557352,known,Not collected,not_collected,s,,Not collected,not_collected,s,,Not collected,not_collected,s,,Not collected,not_collected,s,,,4c332377-ae33-411e-a918-79c775a953ce,observed,s,0,decimal,,4c332377-ae33-411e-a918-79c775a953ce,observed,s,0,decimal,,4c332377-ae33-411e-a918-79c775a953ce,observed,s,1126.07594305,decimal,0,Not collected,not_collected,s,,Not collected,not_collected,s,,"[""831455ae-825f-4c76-b9ca-4ff08150c9f0"",""66740bd0-21af-4f50-9992-ace54378ba5c"",""0286bdf6-3d54-419a-9051-7d49e86a825f"",""7e8a32c7-5033-445a-9fa6-f2cff962211a"",""19b041a3-5325-4011-9b82-5cb7424ccefc""]",256,complete,tokens,"[""831455ae-825f-4c76-b9ca-4ff08150c9f0"",""66740bd0-21af-4f50-9992-ace54378ba5c"",""0286bdf6-3d54-419a-9051-7d49e86a825f"",""7e8a32c7-5033-445a-9fa6-f2cff962211a"",""19b041a3-5325-4011-9b82-5cb7424ccefc""]",256,"[""831455ae-825f-4c76-b9ca-4ff08150c9f0"",""66740bd0-21af-4f50-9992-ace54378ba5c"",""0286bdf6-3d54-419a-9051-7d49e86a825f"",""7e8a32c7-5033-445a-9fa6-f2cff962211a"",""19b041a3-5325-4011-9b82-5cb7424ccefc""]",0,complete,tokens,"[""831455ae-825f-4c76-b9ca-4ff08150c9f0"",""66740bd0-21af-4f50-9992-ace54378ba5c"",""0286bdf6-3d54-419a-9051-7d49e86a825f"",""7e8a32c7-5033-445a-9fa6-f2cff962211a"",""19b041a3-5325-4011-9b82-5cb7424ccefc""]",0,"[""831455ae-825f-4c76-b9ca-4ff08150c9f0"",""66740bd0-21af-4f50-9992-ace54378ba5c"",""0286bdf6-3d54-419a-9051-7d49e86a825f"",""7e8a32c7-5033-445a-9fa6-f2cff962211a"",""19b041a3-5325-4011-9b82-5cb7424ccefc""]",735593,complete,tokens,"[""831455ae-825f-4c76-b9ca-4ff08150c9f0"",""66740bd0-21af-4f50-9992-ace54378ba5c"",""0286bdf6-3d54-419a-9051-7d49e86a825f"",""7e8a32c7-5033-445a-9fa6-f2cff962211a"",""19b041a3-5325-4011-9b82-5cb7424ccefc""]",735593,"[""831455ae-825f-4c76-b9ca-4ff08150c9f0"",""66740bd0-21af-4f50-9992-ace54378ba5c"",""0286bdf6-3d54-419a-9051-7d49e86a825f"",""7e8a32c7-5033-445a-9fa6-f2cff962211a"",""19b041a3-5325-4011-9b82-5cb7424ccefc""]",,missing,tokens,[],,"[""831455ae-825f-4c76-b9ca-4ff08150c9f0"",""66740bd0-21af-4f50-9992-ace54378ba5c"",""0286bdf6-3d54-419a-9051-7d49e86a825f"",""7e8a32c7-5033-445a-9fa6-f2cff962211a"",""19b041a3-5325-4011-9b82-5cb7424ccefc""]",85494,complete,tokens,"[""831455ae-825f-4c76-b9ca-4ff08150c9f0"",""66740bd0-21af-4f50-9992-ace54378ba5c"",""0286bdf6-3d54-419a-9051-7d49e86a825f"",""7e8a32c7-5033-445a-9fa6-f2cff962211a"",""19b041a3-5325-4011-9b82-5cb7424ccefc""]",85494,"[""831455ae-825f-4c76-b9ca-4ff08150c9f0"",""66740bd0-21af-4f50-9992-ace54378ba5c"",""0286bdf6-3d54-419a-9051-7d49e86a825f"",""7e8a32c7-5033-445a-9fa6-f2cff962211a"",""19b041a3-5325-4011-9b82-5cb7424ccefc""]",77069,complete,tokens,"[""831455ae-825f-4c76-b9ca-4ff08150c9f0"",""66740bd0-21af-4f50-9992-ace54378ba5c"",""0286bdf6-3d54-419a-9051-7d49e86a825f"",""7e8a32c7-5033-445a-9fa6-f2cff962211a"",""19b041a3-5325-4011-9b82-5cb7424ccefc""]",77069,"[""831455ae-825f-4c76-b9ca-4ff08150c9f0"",""66740bd0-21af-4f50-9992-ace54378ba5c"",""0286bdf6-3d54-419a-9051-7d49e86a825f"",""7e8a32c7-5033-445a-9fa6-f2cff962211a"",""19b041a3-5325-4011-9b82-5cb7424ccefc""]",821087,complete,tokens,"[""831455ae-825f-4c76-b9ca-4ff08150c9f0"",""66740bd0-21af-4f50-9992-ace54378ba5c"",""0286bdf6-3d54-419a-9051-7d49e86a825f"",""7e8a32c7-5033-445a-9fa6-f2cff962211a"",""19b041a3-5325-4011-9b82-5cb7424ccefc""]",821087,,4c332377-ae33-411e-a918-79c775a953ce,observed,s,1126.07594305,decimal,5,1a969ddc-bdb7-406c-b5e7-fcbe76d7ef77,e3d79b7c-2383-47b4-a590-19cfe0864f31,2026-10-07T03:47:47.612903Z,complete,terminal,,F derived from result binding 0fef46907509314110ca05f5c39852ac04fb7194543f77c88cad6dc8e24ebc80,observed,F,1,text,sealed,finished,M7 exact derivation,observed,diagnoses,0,M7 exact derivation,observed,lines,40,1,0,M7 exact derivation,observed,diagnoses_per_100_lines,0,True,mixed: explicit per observation
M7-analysis-v5,2394b234-0bc9-5e4f-b3e2-b83fed46e68b,1,d209b611d531fdc1b61ed8a2e01309ae3145d8b93453a46e7586c90514390c53,C-SQL-1,27b8151da86242809dca0369f6ae8205b3d9e19866f42442c95f91863350f15a,6f7f3a3c-8647-488b-b587-d1d430125ce9,dbb63e68d4ed9e904fa985aa5b88d674205b6caab086a8d981ac8918a9c68fb5,"[""4afc763c-033e-501c-9c9c-453207d31e62"",""1fed9611-d0cc-51e5-86e7-4ba237c836a2"",""0e4d4039-5409-5be7-a300-ded85e9c22d7"",""1c4afc6f-6679-57b7-ab6b-cec3053e85a1"",""76216ff6-0dab-5f43-913f-741c2deb7596"",""fe7c5fea-171a-5d3e-b93c-b9d53dca7c67"",""784c942d-b222-5013-a2e4-de4aa477a143"",""2f2d84f4-6f41-5df7-a828-cc0a3d9cdddf"",""c68f6332-f200-5595-940d-e5bcad78f1fe"",""54c3aba8-cb42-5023-9591-5cdd68bdd7c5"",""b9ac296e-4c6c-5cdc-9e03-14868c124af2"",""022ddff9-4332-5ba5-b884-42537f220a0c"",""0d262496-18e1-5973-84a6-84fbda64d0ff"",""447860c8-1d56-518b-88ad-7e103990b756"",""616ecfda-7163-5a8d-ba60-01f623d8b124"",""656bacfc-b102-5379-8db2-2f9f127621e0"",""88f2e658-6155-5924-bc85-63fe2aabb08a"",""9f032fb3-90ca-5749-aff5-1065077ac10e"",""4d2e4005-a84b-525b-a492-d367c5e405d0"",""12b20e20-e117-5c00-83bc-e589b92b730e"",""e97a5398-37b9-5e89-91a9-9b3ae48d9534"",""7a8f92c5-5f85-593a-bf90-08e13c60a2e6"",""aa66f5e3-ac0e-57d6-9b69-aa54ea7c4fb9"",""d07b7490-853e-562b-b662-305e89e7718d"",""596c0800-372d-5056-8a35-9f8661656bf4"",""d08816e6-d4d6-5f35-9de3-d86528fa7a96"",""2e126757-f17e-5ee2-93db-94d31ed944b2"",""5e1af4e2-330f-563f-b639-2d3cd8d276c8"",""49cd1889-2a56-5913-8723-929335f68874"",""82b898ba-3b6d-567f-8996-4f259b74547e"",""d38eb7d2-e78b-5c2f-93e4-2e34846e80e6"",""33effc64-dcfe-5ced-badf-c4df49f68dc1"",""a3a03b99-34c0-504b-b529-32b798db318a"",""8b3ec7b0-123f-5597-95f7-1fafc5810d01"",""035c5442-19b8-5a84-8a59-b352a9660279"",""d6d45010-72fa-5741-b733-88958a8795d2"",""ab8215e5-b753-5a6a-a4e7-ad9caf42eeac"",""1b20061c-b208-551a-b06c-81ffeff623fc"",""9b6d0913-2ae6-5dab-ab36-d05e1c51b208"",""a27c1fb2-edc1-57e6-9d74-adb5a13fed3b"",""4696448b-8c21-591b-80cc-7344ea0b95ec"",""c1d75a33-928c-5636-b99c-def1fb29e0f5"",""61eebfb6-2555-5bce-ba71-7a750427392a"",""aba074a1-d451-595d-bc12-e257adbe7383"",""1ca34094-ee4d-5962-a78a-174d361a9cd3"",""7edb0577-da07-5c6f-8391-bb90e9822165"",""d7c5d484-54dc-5d1e-a3ac-65d60267a12c"",""f416cc8b-3bc2-5c4c-a91c-c56faf748684""]",1,1,M7 exact derivation,observed,ratio,1,M7 exact derivation,observed,binary,1,M7 exact derivation,observed,binary,1,M7 exact derivation,observed,binary,1,M7 exact derivation,observed,binary,1,M7 exact derivation,observed,binary,1,M7 exact derivation,observed,binary,1,M7 exact derivation,observed,binary,1,,M6-evaluator-v1,observed,binary,1,decimal,,Menschliche lokale Selbstauskunft,observed,binary,1,decimal,,Menschliche lokale Selbstauskunft,observed,binary,1,decimal,,Menschliche lokale Selbstauskunft,observed,binary,1,decimal,,M6-evaluator-v1,observed,binary,1,decimal,M7 exact derivation,observed,binary,1,022ddff9-4332-5ba5-b884-42537f220a0c,True,,12,Not collected,not_collected,s,,6,Not collected,not_collected,s,,0.114387550,USD,0.114387550,known,Not collected,not_collected,s,,Not collected,not_collected,s,,Not collected,not_collected,s,,Not collected,not_collected,s,,,ecbac43c-66ea-41bf-a9fe-3f492146ff93,observed,s,0,decimal,,ecbac43c-66ea-41bf-a9fe-3f492146ff93,observed,s,0,decimal,,ecbac43c-66ea-41bf-a9fe-3f492146ff93,observed,s,305.121823055,decimal,1,Not collected,not_collected,s,,Not collected,not_collected,s,,"[""ba81ba95-a12a-459c-b7aa-6e740ccb7641"",""9cbb8994-1912-4923-9933-739ba2c694bb"",""4aefb130-2747-483b-a5d5-4d4e54430ba7"",""1edbfbcb-d736-483b-8dec-e429fca5fae4"",""cd53f3a8-40dc-416f-8dd5-893340c72ab9"",""bbed73d5-16ec-4d34-bb5c-fbe666fbc6e2""]",0,complete,tokens,"[""ba81ba95-a12a-459c-b7aa-6e740ccb7641"",""9cbb8994-1912-4923-9933-739ba2c694bb"",""4aefb130-2747-483b-a5d5-4d4e54430ba7"",""1edbfbcb-d736-483b-8dec-e429fca5fae4"",""cd53f3a8-40dc-416f-8dd5-893340c72ab9"",""bbed73d5-16ec-4d34-bb5c-fbe666fbc6e2""]",0,"[""ba81ba95-a12a-459c-b7aa-6e740ccb7641"",""9cbb8994-1912-4923-9933-739ba2c694bb"",""4aefb130-2747-483b-a5d5-4d4e54430ba7"",""1edbfbcb-d736-483b-8dec-e429fca5fae4"",""cd53f3a8-40dc-416f-8dd5-893340c72ab9"",""bbed73d5-16ec-4d34-bb5c-fbe666fbc6e2""]",856774,complete,tokens,"[""ba81ba95-a12a-459c-b7aa-6e740ccb7641"",""9cbb8994-1912-4923-9933-739ba2c694bb"",""4aefb130-2747-483b-a5d5-4d4e54430ba7"",""1edbfbcb-d736-483b-8dec-e429fca5fae4"",""cd53f3a8-40dc-416f-8dd5-893340c72ab9"",""bbed73d5-16ec-4d34-bb5c-fbe666fbc6e2""]",856774,"[""ba81ba95-a12a-459c-b7aa-6e740ccb7641"",""9cbb8994-1912-4923-9933-739ba2c694bb"",""4aefb130-2747-483b-a5d5-4d4e54430ba7"",""1edbfbcb-d736-483b-8dec-e429fca5fae4"",""cd53f3a8-40dc-416f-8dd5-893340c72ab9"",""bbed73d5-16ec-4d34-bb5c-fbe666fbc6e2""]",856792,complete,tokens,"[""ba81ba95-a12a-459c-b7aa-6e740ccb7641"",""9cbb8994-1912-4923-9933-739ba2c694bb"",""4aefb130-2747-483b-a5d5-4d4e54430ba7"",""1edbfbcb-d736-483b-8dec-e429fca5fae4"",""cd53f3a8-40dc-416f-8dd5-893340c72ab9"",""bbed73d5-16ec-4d34-bb5c-fbe666fbc6e2""]",856792,"[""ba81ba95-a12a-459c-b7aa-6e740ccb7641"",""9cbb8994-1912-4923-9933-739ba2c694bb"",""4aefb130-2747-483b-a5d5-4d4e54430ba7"",""1edbfbcb-d736-483b-8dec-e429fca5fae4"",""cd53f3a8-40dc-416f-8dd5-893340c72ab9"",""bbed73d5-16ec-4d34-bb5c-fbe666fbc6e2""]",,missing,tokens,[],,"[""ba81ba95-a12a-459c-b7aa-6e740ccb7641"",""9cbb8994-1912-4923-9933-739ba2c694bb"",""4aefb130-2747-483b-a5d5-4d4e54430ba7"",""1edbfbcb-d736-483b-8dec-e429fca5fae4"",""cd53f3a8-40dc-416f-8dd5-893340c72ab9"",""bbed73d5-16ec-4d34-bb5c-fbe666fbc6e2""]",14578,complete,tokens,"[""ba81ba95-a12a-459c-b7aa-6e740ccb7641"",""9cbb8994-1912-4923-9933-739ba2c694bb"",""4aefb130-2747-483b-a5d5-4d4e54430ba7"",""1edbfbcb-d736-483b-8dec-e429fca5fae4"",""cd53f3a8-40dc-416f-8dd5-893340c72ab9"",""bbed73d5-16ec-4d34-bb5c-fbe666fbc6e2""]",14578,"[""ba81ba95-a12a-459c-b7aa-6e740ccb7641"",""9cbb8994-1912-4923-9933-739ba2c694bb"",""4aefb130-2747-483b-a5d5-4d4e54430ba7"",""1edbfbcb-d736-483b-8dec-e429fca5fae4"",""cd53f3a8-40dc-416f-8dd5-893340c72ab9"",""bbed73d5-16ec-4d34-bb5c-fbe666fbc6e2""]",7381,complete,tokens,"[""ba81ba95-a12a-459c-b7aa-6e740ccb7641"",""9cbb8994-1912-4923-9933-739ba2c694bb"",""4aefb130-2747-483b-a5d5-4d4e54430ba7"",""1edbfbcb-d736-483b-8dec-e429fca5fae4"",""cd53f3a8-40dc-416f-8dd5-893340c72ab9"",""bbed73d5-16ec-4d34-bb5c-fbe666fbc6e2""]",7381,"[""ba81ba95-a12a-459c-b7aa-6e740ccb7641"",""9cbb8994-1912-4923-9933-739ba2c694bb"",""4aefb130-2747-483b-a5d5-4d4e54430ba7"",""1edbfbcb-d736-483b-8dec-e429fca5fae4"",""cd53f3a8-40dc-416f-8dd5-893340c72ab9"",""bbed73d5-16ec-4d34-bb5c-fbe666fbc6e2""]",871370,complete,tokens,"[""ba81ba95-a12a-459c-b7aa-6e740ccb7641"",""9cbb8994-1912-4923-9933-739ba2c694bb"",""4aefb130-2747-483b-a5d5-4d4e54430ba7"",""1edbfbcb-d736-483b-8dec-e429fca5fae4"",""cd53f3a8-40dc-416f-8dd5-893340c72ab9"",""bbed73d5-16ec-4d34-bb5c-fbe666fbc6e2""]",871370,,ecbac43c-66ea-41bf-a9fe-3f492146ff93,observed,s,305.121823055,decimal,6,a2d1e4bd-ae41-4f2b-8b92-9416f7ffb783,567dfb6b-cf20-48c2-b883-9c0d9b288dc1,2026-10-07T04:00:52.231059Z,complete,terminal,,F derived from result binding 6e599ebe87e1fba7a740c9eda5f179099f237eef4a39ee2efbdf6628fac3b6d5,observed,F,1,text,sealed,finished,M7 exact derivation,observed,diagnoses,0,M7 exact derivation,observed,lines,41,1,0,M7 exact derivation,observed,diagnoses_per_100_lines,0,True,mixed: explicit per observation
M7-analysis-v5,f9faff59-3259-5804-8713-ca7f4006c343,2,5f359546bb2d8d2beef7b168cb3aa5fee35ca1bfb4149ef3a7f66b8fa5876661,C-BF-1,202e1e0a33d9d0d7b92585572740cd6b1ca70f7699cac883e8579e11bac45057,651e080b-10b7-40ff-9204-1dd148ce6638,dbb63e68d4ed9e904fa985aa5b88d674205b6caab086a8d981ac8918a9c68fb5,"[""4afc763c-033e-501c-9c9c-453207d31e62"",""1fed9611-d0cc-51e5-86e7-4ba237c836a2"",""0e4d4039-5409-5be7-a300-ded85e9c22d7"",""1c4afc6f-6679-57b7-ab6b-cec3053e85a1"",""76216ff6-0dab-5f43-913f-741c2deb7596"",""fe7c5fea-171a-5d3e-b93c-b9d53dca7c67"",""784c942d-b222-5013-a2e4-de4aa477a143"",""2f2d84f4-6f41-5df7-a828-cc0a3d9cdddf"",""c68f6332-f200-5595-940d-e5bcad78f1fe"",""54c3aba8-cb42-5023-9591-5cdd68bdd7c5"",""b9ac296e-4c6c-5cdc-9e03-14868c124af2"",""022ddff9-4332-5ba5-b884-42537f220a0c"",""0d262496-18e1-5973-84a6-84fbda64d0ff"",""447860c8-1d56-518b-88ad-7e103990b756"",""616ecfda-7163-5a8d-ba60-01f623d8b124"",""656bacfc-b102-5379-8db2-2f9f127621e0"",""88f2e658-6155-5924-bc85-63fe2aabb08a"",""9f032fb3-90ca-5749-aff5-1065077ac10e"",""4d2e4005-a84b-525b-a492-d367c5e405d0"",""12b20e20-e117-5c00-83bc-e589b92b730e"",""e97a5398-37b9-5e89-91a9-9b3ae48d9534"",""7a8f92c5-5f85-593a-bf90-08e13c60a2e6"",""aa66f5e3-ac0e-57d6-9b69-aa54ea7c4fb9"",""d07b7490-853e-562b-b662-305e89e7718d"",""596c0800-372d-5056-8a35-9f8661656bf4"",""d08816e6-d4d6-5f35-9de3-d86528fa7a96"",""2e126757-f17e-5ee2-93db-94d31ed944b2"",""5e1af4e2-330f-563f-b639-2d3cd8d276c8"",""49cd1889-2a56-5913-8723-929335f68874"",""82b898ba-3b6d-567f-8996-4f259b74547e"",""d38eb7d2-e78b-5c2f-93e4-2e34846e80e6"",""33effc64-dcfe-5ced-badf-c4df49f68dc1"",""a3a03b99-34c0-504b-b529-32b798db318a"",""8b3ec7b0-123f-5597-95f7-1fafc5810d01"",""035c5442-19b8-5a84-8a59-b352a9660279"",""d6d45010-72fa-5741-b733-88958a8795d2"",""ab8215e5-b753-5a6a-a4e7-ad9caf42eeac"",""1b20061c-b208-551a-b06c-81ffeff623fc"",""9b6d0913-2ae6-5dab-ab36-d05e1c51b208"",""a27c1fb2-edc1-57e6-9d74-adb5a13fed3b"",""4696448b-8c21-591b-80cc-7344ea0b95ec"",""c1d75a33-928c-5636-b99c-def1fb29e0f5"",""61eebfb6-2555-5bce-ba71-7a750427392a"",""aba074a1-d451-595d-bc12-e257adbe7383"",""1ca34094-ee4d-5962-a78a-174d361a9cd3"",""7edb0577-da07-5c6f-8391-bb90e9822165"",""d7c5d484-54dc-5d1e-a3ac-65d60267a12c"",""f416cc8b-3bc2-5c4c-a91c-c56faf748684""]",1,1,M7 exact derivation,observed,ratio,1,M7 exact derivation,observed,binary,1,M7 exact derivation,observed,binary,1,M7 exact derivation,observed,binary,1,M7 exact derivation,observed,binary,1,M7 exact derivation,observed,binary,1,M7 exact derivation,observed,binary,1,M7 exact derivation,observed,binary,1,,M6-evaluator-v1,observed,binary,1,decimal,,Menschliche lokale Selbstauskunft,observed,binary,1,decimal,,Menschliche lokale Selbstauskunft,observed,binary,1,decimal,,Menschliche lokale Selbstauskunft,observed,binary,1,decimal,,M6-evaluator-v1,observed,binary,1,decimal,M7 exact derivation,observed,binary,1,0d262496-18e1-5973-84a6-84fbda64d0ff,True,,13,Not collected,not_collected,s,,6,Not collected,not_collected,s,,0.113646425,USD,0.113646425,known,Not collected,not_collected,s,,Not collected,not_collected,s,,Not collected,not_collected,s,,Not collected,not_collected,s,,,8e80d732-d70c-44cb-a860-13bd93a7e5af,observed,s,0,decimal,,8e80d732-d70c-44cb-a860-13bd93a7e5af,observed,s,0,decimal,,8e80d732-d70c-44cb-a860-13bd93a7e5af,observed,s,344.264344448,decimal,1,Not collected,not_collected,s,,Not collected,not_collected,s,,"[""7075d83c-906b-446b-a955-53e37447f8fb"",""3f9d9cc9-80c9-4f2f-99b4-e3234f8eba4d"",""9604503a-e51e-404b-93bf-b1ec231ee9ee"",""9d80dcd8-2d3b-4e37-a4c9-fc3f51a2f838"",""6a962722-f15c-4ae2-9352-39d33b439f42"",""7f78dfb7-f21c-446b-b61e-a94b8a5667bc""]",0,complete,tokens,"[""7075d83c-906b-446b-a955-53e37447f8fb"",""3f9d9cc9-80c9-4f2f-99b4-e3234f8eba4d"",""9604503a-e51e-404b-93bf-b1ec231ee9ee"",""9d80dcd8-2d3b-4e37-a4c9-fc3f51a2f838"",""6a962722-f15c-4ae2-9352-39d33b439f42"",""7f78dfb7-f21c-446b-b61e-a94b8a5667bc""]",0,"[""7075d83c-906b-446b-a955-53e37447f8fb"",""3f9d9cc9-80c9-4f2f-99b4-e3234f8eba4d"",""9604503a-e51e-404b-93bf-b1ec231ee9ee"",""9d80dcd8-2d3b-4e37-a4c9-fc3f51a2f838"",""6a962722-f15c-4ae2-9352-39d33b439f42"",""7f78dfb7-f21c-446b-b61e-a94b8a5667bc""]",854853,complete,tokens,"[""7075d83c-906b-446b-a955-53e37447f8fb"",""3f9d9cc9-80c9-4f2f-99b4-e3234f8eba4d"",""9604503a-e51e-404b-93bf-b1ec231ee9ee"",""9d80dcd8-2d3b-4e37-a4c9-fc3f51a2f838"",""6a962722-f15c-4ae2-9352-39d33b439f42"",""7f78dfb7-f21c-446b-b61e-a94b8a5667bc""]",854853,"[""7075d83c-906b-446b-a955-53e37447f8fb"",""3f9d9cc9-80c9-4f2f-99b4-e3234f8eba4d"",""9604503a-e51e-404b-93bf-b1ec231ee9ee"",""9d80dcd8-2d3b-4e37-a4c9-fc3f51a2f838"",""6a962722-f15c-4ae2-9352-39d33b439f42"",""7f78dfb7-f21c-446b-b61e-a94b8a5667bc""]",854871,complete,tokens,"[""7075d83c-906b-446b-a955-53e37447f8fb"",""3f9d9cc9-80c9-4f2f-99b4-e3234f8eba4d"",""9604503a-e51e-404b-93bf-b1ec231ee9ee"",""9d80dcd8-2d3b-4e37-a4c9-fc3f51a2f838"",""6a962722-f15c-4ae2-9352-39d33b439f42"",""7f78dfb7-f21c-446b-b61e-a94b8a5667bc""]",854871,"[""7075d83c-906b-446b-a955-53e37447f8fb"",""3f9d9cc9-80c9-4f2f-99b4-e3234f8eba4d"",""9604503a-e51e-404b-93bf-b1ec231ee9ee"",""9d80dcd8-2d3b-4e37-a4c9-fc3f51a2f838"",""6a962722-f15c-4ae2-9352-39d33b439f42"",""7f78dfb7-f21c-446b-b61e-a94b8a5667bc""]",,missing,tokens,[],,"[""7075d83c-906b-446b-a955-53e37447f8fb"",""3f9d9cc9-80c9-4f2f-99b4-e3234f8eba4d"",""9604503a-e51e-404b-93bf-b1ec231ee9ee"",""9d80dcd8-2d3b-4e37-a4c9-fc3f51a2f838"",""6a962722-f15c-4ae2-9352-39d33b439f42"",""7f78dfb7-f21c-446b-b61e-a94b8a5667bc""]",13576,complete,tokens,"[""7075d83c-906b-446b-a955-53e37447f8fb"",""3f9d9cc9-80c9-4f2f-99b4-e3234f8eba4d"",""9604503a-e51e-404b-93bf-b1ec231ee9ee"",""9d80dcd8-2d3b-4e37-a4c9-fc3f51a2f838"",""6a962722-f15c-4ae2-9352-39d33b439f42"",""7f78dfb7-f21c-446b-b61e-a94b8a5667bc""]",13576,"[""7075d83c-906b-446b-a955-53e37447f8fb"",""3f9d9cc9-80c9-4f2f-99b4-e3234f8eba4d"",""9604503a-e51e-404b-93bf-b1ec231ee9ee"",""9d80dcd8-2d3b-4e37-a4c9-fc3f51a2f838"",""6a962722-f15c-4ae2-9352-39d33b439f42"",""7f78dfb7-f21c-446b-b61e-a94b8a5667bc""]",6355,complete,tokens,"[""7075d83c-906b-446b-a955-53e37447f8fb"",""3f9d9cc9-80c9-4f2f-99b4-e3234f8eba4d"",""9604503a-e51e-404b-93bf-b1ec231ee9ee"",""9d80dcd8-2d3b-4e37-a4c9-fc3f51a2f838"",""6a962722-f15c-4ae2-9352-39d33b439f42"",""7f78dfb7-f21c-446b-b61e-a94b8a5667bc""]",6355,"[""7075d83c-906b-446b-a955-53e37447f8fb"",""3f9d9cc9-80c9-4f2f-99b4-e3234f8eba4d"",""9604503a-e51e-404b-93bf-b1ec231ee9ee"",""9d80dcd8-2d3b-4e37-a4c9-fc3f51a2f838"",""6a962722-f15c-4ae2-9352-39d33b439f42"",""7f78dfb7-f21c-446b-b61e-a94b8a5667bc""]",868447,complete,tokens,"[""7075d83c-906b-446b-a955-53e37447f8fb"",""3f9d9cc9-80c9-4f2f-99b4-e3234f8eba4d"",""9604503a-e51e-404b-93bf-b1ec231ee9ee"",""9d80dcd8-2d3b-4e37-a4c9-fc3f51a2f838"",""6a962722-f15c-4ae2-9352-39d33b439f42"",""7f78dfb7-f21c-446b-b61e-a94b8a5667bc""]",868447,,8e80d732-d70c-44cb-a860-13bd93a7e5af,observed,s,344.264344448,decimal,6,c490b29c-6106-45b1-b975-fd9cb9950d81,84449a36-4914-4807-9ee6-58534d8c7c01,2026-10-07T04:13:48.320804Z,complete,terminal,,F derived from result binding 5d3923c86fa2273c7a34e1f8706ba087d8142bc3bc560099c18660d707d438fe,observed,F,1,text,sealed,content_failure,M7 exact derivation,observed,diagnoses,1,M7 exact derivation,observed,lines,49,49,100,M7 exact derivation,observed,diagnoses_per_100_lines,100/49,True,mixed: explicit per observation
M7-analysis-v5,f9faff59-3259-5804-8713-ca7f4006c343,2,e9cf9cb8af782dba885623dfbfd60980d42e42259e9654ecae36f604b6513896,C-UP-1,697a8773c39d3aeb811def2802fdfd50db20dd75d55c50f4e8cf44982a79f651,8e15ece0-8ea4-4d53-b1a9-80d5a0796af7,dbb63e68d4ed9e904fa985aa5b88d674205b6caab086a8d981ac8918a9c68fb5,"[""4afc763c-033e-501c-9c9c-453207d31e62"",""1fed9611-d0cc-51e5-86e7-4ba237c836a2"",""0e4d4039-5409-5be7-a300-ded85e9c22d7"",""1c4afc6f-6679-57b7-ab6b-cec3053e85a1"",""76216ff6-0dab-5f43-913f-741c2deb7596"",""fe7c5fea-171a-5d3e-b93c-b9d53dca7c67"",""784c942d-b222-5013-a2e4-de4aa477a143"",""2f2d84f4-6f41-5df7-a828-cc0a3d9cdddf"",""c68f6332-f200-5595-940d-e5bcad78f1fe"",""54c3aba8-cb42-5023-9591-5cdd68bdd7c5"",""b9ac296e-4c6c-5cdc-9e03-14868c124af2"",""022ddff9-4332-5ba5-b884-42537f220a0c"",""0d262496-18e1-5973-84a6-84fbda64d0ff"",""447860c8-1d56-518b-88ad-7e103990b756"",""616ecfda-7163-5a8d-ba60-01f623d8b124"",""656bacfc-b102-5379-8db2-2f9f127621e0"",""88f2e658-6155-5924-bc85-63fe2aabb08a"",""9f032fb3-90ca-5749-aff5-1065077ac10e"",""4d2e4005-a84b-525b-a492-d367c5e405d0"",""12b20e20-e117-5c00-83bc-e589b92b730e"",""e97a5398-37b9-5e89-91a9-9b3ae48d9534"",""7a8f92c5-5f85-593a-bf90-08e13c60a2e6"",""aa66f5e3-ac0e-57d6-9b69-aa54ea7c4fb9"",""d07b7490-853e-562b-b662-305e89e7718d"",""596c0800-372d-5056-8a35-9f8661656bf4"",""d08816e6-d4d6-5f35-9de3-d86528fa7a96"",""2e126757-f17e-5ee2-93db-94d31ed944b2"",""5e1af4e2-330f-563f-b639-2d3cd8d276c8"",""49cd1889-2a56-5913-8723-929335f68874"",""82b898ba-3b6d-567f-8996-4f259b74547e"",""d38eb7d2-e78b-5c2f-93e4-2e34846e80e6"",""33effc64-dcfe-5ced-badf-c4df49f68dc1"",""a3a03b99-34c0-504b-b529-32b798db318a"",""8b3ec7b0-123f-5597-95f7-1fafc5810d01"",""035c5442-19b8-5a84-8a59-b352a9660279"",""d6d45010-72fa-5741-b733-88958a8795d2"",""ab8215e5-b753-5a6a-a4e7-ad9caf42eeac"",""1b20061c-b208-551a-b06c-81ffeff623fc"",""9b6d0913-2ae6-5dab-ab36-d05e1c51b208"",""a27c1fb2-edc1-57e6-9d74-adb5a13fed3b"",""4696448b-8c21-591b-80cc-7344ea0b95ec"",""c1d75a33-928c-5636-b99c-def1fb29e0f5"",""61eebfb6-2555-5bce-ba71-7a750427392a"",""aba074a1-d451-595d-bc12-e257adbe7383"",""1ca34094-ee4d-5962-a78a-174d361a9cd3"",""7edb0577-da07-5c6f-8391-bb90e9822165"",""d7c5d484-54dc-5d1e-a3ac-65d60267a12c"",""f416cc8b-3bc2-5c4c-a91c-c56faf748684""]",3,1,M7 exact derivation,observed,ratio,1/3,M7 exact derivation,observed,binary,1,M7 exact derivation,observed,binary,0,M7 exact derivation,observed,binary,0,M7 exact derivation,observed,binary,1,M7 exact derivation,observed,binary,0,M7 exact derivation,observed,binary,0,M7 exact derivation,observed,binary,1,,M6-evaluator-v1,observed,binary,1,decimal,,Menschliche lokale Selbstauskunft,observed,binary,1,decimal,,Menschliche lokale Selbstauskunft,observed,binary,1,decimal,,Menschliche lokale Selbstauskunft,observed,binary,1,decimal,,M6-evaluator-v1,observed,binary,1,decimal,M7 exact derivation,observed,binary,0,447860c8-1d56-518b-88ad-7e103990b756,True,,14,Not collected,not_collected,s,,6,Not collected,not_collected,s,,0.116343050,USD,0.116343050,known,Not collected,not_collected,s,,Not collected,not_collected,s,,Not collected,not_collected,s,,Not collected,not_collected,s,,,382c0afd-7f54-40d1-b339-ecc933d01ca9,observed,s,0,decimal,,382c0afd-7f54-40d1-b339-ecc933d01ca9,observed,s,0,decimal,,382c0afd-7f54-40d1-b339-ecc933d01ca9,observed,s,363.570222374,decimal,1,Not collected,not_collected,s,,Not collected,not_collected,s,,"[""b4d42e94-f1ba-4da1-a0f9-c79a9189a0c6"",""58ca3574-b90b-49d1-b90e-764f198b5f18"",""e71ce6e6-3181-44f1-901b-3e97e739422a"",""cc9f1e65-71b6-4b4e-ac11-05886a98023f"",""17e7e333-872c-45c2-a7b9-5b75e9d14d90"",""3088be1a-7572-4a1a-b2ef-c4b1de90ccb2""]",0,complete,tokens,"[""b4d42e94-f1ba-4da1-a0f9-c79a9189a0c6"",""58ca3574-b90b-49d1-b90e-764f198b5f18"",""e71ce6e6-3181-44f1-901b-3e97e739422a"",""cc9f1e65-71b6-4b4e-ac11-05886a98023f"",""17e7e333-872c-45c2-a7b9-5b75e9d14d90"",""3088be1a-7572-4a1a-b2ef-c4b1de90ccb2""]",0,"[""b4d42e94-f1ba-4da1-a0f9-c79a9189a0c6"",""58ca3574-b90b-49d1-b90e-764f198b5f18"",""e71ce6e6-3181-44f1-901b-3e97e739422a"",""cc9f1e65-71b6-4b4e-ac11-05886a98023f"",""17e7e333-872c-45c2-a7b9-5b75e9d14d90"",""3088be1a-7572-4a1a-b2ef-c4b1de90ccb2""]",861682,complete,tokens,"[""b4d42e94-f1ba-4da1-a0f9-c79a9189a0c6"",""58ca3574-b90b-49d1-b90e-764f198b5f18"",""e71ce6e6-3181-44f1-901b-3e97e739422a"",""cc9f1e65-71b6-4b4e-ac11-05886a98023f"",""17e7e333-872c-45c2-a7b9-5b75e9d14d90"",""3088be1a-7572-4a1a-b2ef-c4b1de90ccb2""]",861682,"[""b4d42e94-f1ba-4da1-a0f9-c79a9189a0c6"",""58ca3574-b90b-49d1-b90e-764f198b5f18"",""e71ce6e6-3181-44f1-901b-3e97e739422a"",""cc9f1e65-71b6-4b4e-ac11-05886a98023f"",""17e7e333-872c-45c2-a7b9-5b75e9d14d90"",""3088be1a-7572-4a1a-b2ef-c4b1de90ccb2""]",861700,complete,tokens,"[""b4d42e94-f1ba-4da1-a0f9-c79a9189a0c6"",""58ca3574-b90b-49d1-b90e-764f198b5f18"",""e71ce6e6-3181-44f1-901b-3e97e739422a"",""cc9f1e65-71b6-4b4e-ac11-05886a98023f"",""17e7e333-872c-45c2-a7b9-5b75e9d14d90"",""3088be1a-7572-4a1a-b2ef-c4b1de90ccb2""]",861700,"[""b4d42e94-f1ba-4da1-a0f9-c79a9189a0c6"",""58ca3574-b90b-49d1-b90e-764f198b5f18"",""e71ce6e6-3181-44f1-901b-3e97e739422a"",""cc9f1e65-71b6-4b4e-ac11-05886a98023f"",""17e7e333-872c-45c2-a7b9-5b75e9d14d90"",""3088be1a-7572-4a1a-b2ef-c4b1de90ccb2""]",,missing,tokens,[],,"[""b4d42e94-f1ba-4da1-a0f9-c79a9189a0c6"",""58ca3574-b90b-49d1-b90e-764f198b5f18"",""e71ce6e6-3181-44f1-901b-3e97e739422a"",""cc9f1e65-71b6-4b4e-ac11-05886a98023f"",""17e7e333-872c-45c2-a7b9-5b75e9d14d90"",""3088be1a-7572-4a1a-b2ef-c4b1de90ccb2""]",17262,complete,tokens,"[""b4d42e94-f1ba-4da1-a0f9-c79a9189a0c6"",""58ca3574-b90b-49d1-b90e-764f198b5f18"",""e71ce6e6-3181-44f1-901b-3e97e739422a"",""cc9f1e65-71b6-4b4e-ac11-05886a98023f"",""17e7e333-872c-45c2-a7b9-5b75e9d14d90"",""3088be1a-7572-4a1a-b2ef-c4b1de90ccb2""]",17262,"[""b4d42e94-f1ba-4da1-a0f9-c79a9189a0c6"",""58ca3574-b90b-49d1-b90e-764f198b5f18"",""e71ce6e6-3181-44f1-901b-3e97e739422a"",""cc9f1e65-71b6-4b4e-ac11-05886a98023f"",""17e7e333-872c-45c2-a7b9-5b75e9d14d90"",""3088be1a-7572-4a1a-b2ef-c4b1de90ccb2""]",7336,complete,tokens,"[""b4d42e94-f1ba-4da1-a0f9-c79a9189a0c6"",""58ca3574-b90b-49d1-b90e-764f198b5f18"",""e71ce6e6-3181-44f1-901b-3e97e739422a"",""cc9f1e65-71b6-4b4e-ac11-05886a98023f"",""17e7e333-872c-45c2-a7b9-5b75e9d14d90"",""3088be1a-7572-4a1a-b2ef-c4b1de90ccb2""]",7336,"[""b4d42e94-f1ba-4da1-a0f9-c79a9189a0c6"",""58ca3574-b90b-49d1-b90e-764f198b5f18"",""e71ce6e6-3181-44f1-901b-3e97e739422a"",""cc9f1e65-71b6-4b4e-ac11-05886a98023f"",""17e7e333-872c-45c2-a7b9-5b75e9d14d90"",""3088be1a-7572-4a1a-b2ef-c4b1de90ccb2""]",878962,complete,tokens,"[""b4d42e94-f1ba-4da1-a0f9-c79a9189a0c6"",""58ca3574-b90b-49d1-b90e-764f198b5f18"",""e71ce6e6-3181-44f1-901b-3e97e739422a"",""cc9f1e65-71b6-4b4e-ac11-05886a98023f"",""17e7e333-872c-45c2-a7b9-5b75e9d14d90"",""3088be1a-7572-4a1a-b2ef-c4b1de90ccb2""]",878962,,382c0afd-7f54-40d1-b339-ecc933d01ca9,observed,s,363.570222374,decimal,6,cfeaa0aa-6dd8-4858-8882-fd4719f86af4,e77ef2df-e148-4f50-b410-421003418966,2026-10-07T04:30:30.341863Z,complete,terminal,,F derived from result binding e74b20cb332a8fccbada53bed2831cb00dfe602f40529ed845f612287700f22e,observed,F,1/3,text,sealed,content_failure,M7 exact derivation,observed,diagnoses,3,M7 exact derivation,observed,lines,99,33,100,M7 exact derivation,observed,diagnoses_per_100_lines,100/33,True,mixed: explicit per observation
M7-analysis-v5,f9faff59-3259-5804-8713-ca7f4006c343,2,12a588a973e24157d490acab23e57ec685cde24dfc7dc6390638cd1317a9a8cc,C-SQL-1,27b8151da86242809dca0369f6ae8205b3d9e19866f42442c95f91863350f15a,6f7f3a3c-8647-488b-b587-d1d430125ce9,dbb63e68d4ed9e904fa985aa5b88d674205b6caab086a8d981ac8918a9c68fb5,"[""4afc763c-033e-501c-9c9c-453207d31e62"",""1fed9611-d0cc-51e5-86e7-4ba237c836a2"",""0e4d4039-5409-5be7-a300-ded85e9c22d7"",""1c4afc6f-6679-57b7-ab6b-cec3053e85a1"",""76216ff6-0dab-5f43-913f-741c2deb7596"",""fe7c5fea-171a-5d3e-b93c-b9d53dca7c67"",""784c942d-b222-5013-a2e4-de4aa477a143"",""2f2d84f4-6f41-5df7-a828-cc0a3d9cdddf"",""c68f6332-f200-5595-940d-e5bcad78f1fe"",""54c3aba8-cb42-5023-9591-5cdd68bdd7c5"",""b9ac296e-4c6c-5cdc-9e03-14868c124af2"",""022ddff9-4332-5ba5-b884-42537f220a0c"",""0d262496-18e1-5973-84a6-84fbda64d0ff"",""447860c8-1d56-518b-88ad-7e103990b756"",""616ecfda-7163-5a8d-ba60-01f623d8b124"",""656bacfc-b102-5379-8db2-2f9f127621e0"",""88f2e658-6155-5924-bc85-63fe2aabb08a"",""9f032fb3-90ca-5749-aff5-1065077ac10e"",""4d2e4005-a84b-525b-a492-d367c5e405d0"",""12b20e20-e117-5c00-83bc-e589b92b730e"",""e97a5398-37b9-5e89-91a9-9b3ae48d9534"",""7a8f92c5-5f85-593a-bf90-08e13c60a2e6"",""aa66f5e3-ac0e-57d6-9b69-aa54ea7c4fb9"",""d07b7490-853e-562b-b662-305e89e7718d"",""596c0800-372d-5056-8a35-9f8661656bf4"",""d08816e6-d4d6-5f35-9de3-d86528fa7a96"",""2e126757-f17e-5ee2-93db-94d31ed944b2"",""5e1af4e2-330f-563f-b639-2d3cd8d276c8"",""49cd1889-2a56-5913-8723-929335f68874"",""82b898ba-3b6d-567f-8996-4f259b74547e"",""d38eb7d2-e78b-5c2f-93e4-2e34846e80e6"",""33effc64-dcfe-5ced-badf-c4df49f68dc1"",""a3a03b99-34c0-504b-b529-32b798db318a"",""8b3ec7b0-123f-5597-95f7-1fafc5810d01"",""035c5442-19b8-5a84-8a59-b352a9660279"",""d6d45010-72fa-5741-b733-88958a8795d2"",""ab8215e5-b753-5a6a-a4e7-ad9caf42eeac"",""1b20061c-b208-551a-b06c-81ffeff623fc"",""9b6d0913-2ae6-5dab-ab36-d05e1c51b208"",""a27c1fb2-edc1-57e6-9d74-adb5a13fed3b"",""4696448b-8c21-591b-80cc-7344ea0b95ec"",""c1d75a33-928c-5636-b99c-def1fb29e0f5"",""61eebfb6-2555-5bce-ba71-7a750427392a"",""aba074a1-d451-595d-bc12-e257adbe7383"",""1ca34094-ee4d-5962-a78a-174d361a9cd3"",""7edb0577-da07-5c6f-8391-bb90e9822165"",""d7c5d484-54dc-5d1e-a3ac-65d60267a12c"",""f416cc8b-3bc2-5c4c-a91c-c56faf748684""]",1,1,M7 exact derivation,observed,ratio,1,M7 exact derivation,observed,binary,1,M7 exact derivation,observed,binary,1,M7 exact derivation,observed,binary,1,M7 exact derivation,observed,binary,1,M7 exact derivation,observed,binary,1,M7 exact derivation,observed,binary,1,M7 exact derivation,observed,binary,1,,M6-evaluator-v1,observed,binary,1,decimal,,Menschliche lokale Selbstauskunft,observed,binary,1,decimal,,Menschliche lokale Selbstauskunft,observed,binary,1,decimal,,Menschliche lokale Selbstauskunft,observed,binary,1,decimal,,M6-evaluator-v1,observed,binary,1,decimal,M7 exact derivation,observed,binary,1,616ecfda-7163-5a8d-ba60-01f623d8b124,True,,15,Not collected,not_collected,s,,6,Not collected,not_collected,s,,0.113237425,USD,0.113237425,known,Not collected,not_collected,s,,Not collected,not_collected,s,,Not collected,not_collected,s,,Not collected,not_collected,s,,,13f1c295-55d9-4550-b3df-ecd42561da13,observed,s,0,decimal,,13f1c295-55d9-4550-b3df-ecd42561da13,observed,s,0,decimal,,13f1c295-55d9-4550-b3df-ecd42561da13,observed,s,329.133518816,decimal,1,Not collected,not_collected,s,,Not collected,not_collected,s,,"[""c77d3f28-f25c-420e-9fa0-c0e333365549"",""d8670dd5-2d06-44de-80d8-e4c9a00f6028"",""8ffb889d-e8f7-490c-93e3-efff5b229420"",""27e80535-d8dd-4809-88c0-2901bae9a974"",""605bccd4-150b-4335-b6f9-922955fcf480"",""1777f26a-376c-4421-922d-4961bf3af8c5""]",0,complete,tokens,"[""c77d3f28-f25c-420e-9fa0-c0e333365549"",""d8670dd5-2d06-44de-80d8-e4c9a00f6028"",""8ffb889d-e8f7-490c-93e3-efff5b229420"",""27e80535-d8dd-4809-88c0-2901bae9a974"",""605bccd4-150b-4335-b6f9-922955fcf480"",""1777f26a-376c-4421-922d-4961bf3af8c5""]",0,"[""c77d3f28-f25c-420e-9fa0-c0e333365549"",""d8670dd5-2d06-44de-80d8-e4c9a00f6028"",""8ffb889d-e8f7-490c-93e3-efff5b229420"",""27e80535-d8dd-4809-88c0-2901bae9a974"",""605bccd4-150b-4335-b6f9-922955fcf480"",""1777f26a-376c-4421-922d-4961bf3af8c5""]",856653,complete,tokens,"[""c77d3f28-f25c-420e-9fa0-c0e333365549"",""d8670dd5-2d06-44de-80d8-e4c9a00f6028"",""8ffb889d-e8f7-490c-93e3-efff5b229420"",""27e80535-d8dd-4809-88c0-2901bae9a974"",""605bccd4-150b-4335-b6f9-922955fcf480"",""1777f26a-376c-4421-922d-4961bf3af8c5""]",856653,"[""c77d3f28-f25c-420e-9fa0-c0e333365549"",""d8670dd5-2d06-44de-80d8-e4c9a00f6028"",""8ffb889d-e8f7-490c-93e3-efff5b229420"",""27e80535-d8dd-4809-88c0-2901bae9a974"",""605bccd4-150b-4335-b6f9-922955fcf480"",""1777f26a-376c-4421-922d-4961bf3af8c5""]",856671,complete,tokens,"[""c77d3f28-f25c-420e-9fa0-c0e333365549"",""d8670dd5-2d06-44de-80d8-e4c9a00f6028"",""8ffb889d-e8f7-490c-93e3-efff5b229420"",""27e80535-d8dd-4809-88c0-2901bae9a974"",""605bccd4-150b-4335-b6f9-922955fcf480"",""1777f26a-376c-4421-922d-4961bf3af8c5""]",856671,"[""c77d3f28-f25c-420e-9fa0-c0e333365549"",""d8670dd5-2d06-44de-80d8-e4c9a00f6028"",""8ffb889d-e8f7-490c-93e3-efff5b229420"",""27e80535-d8dd-4809-88c0-2901bae9a974"",""605bccd4-150b-4335-b6f9-922955fcf480"",""1777f26a-376c-4421-922d-4961bf3af8c5""]",,missing,tokens,[],,"[""c77d3f28-f25c-420e-9fa0-c0e333365549"",""d8670dd5-2d06-44de-80d8-e4c9a00f6028"",""8ffb889d-e8f7-490c-93e3-efff5b229420"",""27e80535-d8dd-4809-88c0-2901bae9a974"",""605bccd4-150b-4335-b6f9-922955fcf480"",""1777f26a-376c-4421-922d-4961bf3af8c5""]",12308,complete,tokens,"[""c77d3f28-f25c-420e-9fa0-c0e333365549"",""d8670dd5-2d06-44de-80d8-e4c9a00f6028"",""8ffb889d-e8f7-490c-93e3-efff5b229420"",""27e80535-d8dd-4809-88c0-2901bae9a974"",""605bccd4-150b-4335-b6f9-922955fcf480"",""1777f26a-376c-4421-922d-4961bf3af8c5""]",12308,"[""c77d3f28-f25c-420e-9fa0-c0e333365549"",""d8670dd5-2d06-44de-80d8-e4c9a00f6028"",""8ffb889d-e8f7-490c-93e3-efff5b229420"",""27e80535-d8dd-4809-88c0-2901bae9a974"",""605bccd4-150b-4335-b6f9-922955fcf480"",""1777f26a-376c-4421-922d-4961bf3af8c5""]",5371,complete,tokens,"[""c77d3f28-f25c-420e-9fa0-c0e333365549"",""d8670dd5-2d06-44de-80d8-e4c9a00f6028"",""8ffb889d-e8f7-490c-93e3-efff5b229420"",""27e80535-d8dd-4809-88c0-2901bae9a974"",""605bccd4-150b-4335-b6f9-922955fcf480"",""1777f26a-376c-4421-922d-4961bf3af8c5""]",5371,"[""c77d3f28-f25c-420e-9fa0-c0e333365549"",""d8670dd5-2d06-44de-80d8-e4c9a00f6028"",""8ffb889d-e8f7-490c-93e3-efff5b229420"",""27e80535-d8dd-4809-88c0-2901bae9a974"",""605bccd4-150b-4335-b6f9-922955fcf480"",""1777f26a-376c-4421-922d-4961bf3af8c5""]",868979,complete,tokens,"[""c77d3f28-f25c-420e-9fa0-c0e333365549"",""d8670dd5-2d06-44de-80d8-e4c9a00f6028"",""8ffb889d-e8f7-490c-93e3-efff5b229420"",""27e80535-d8dd-4809-88c0-2901bae9a974"",""605bccd4-150b-4335-b6f9-922955fcf480"",""1777f26a-376c-4421-922d-4961bf3af8c5""]",868979,,13f1c295-55d9-4550-b3df-ecd42561da13,observed,s,329.133518816,decimal,6,6c45fdb5-7960-4501-8cf4-04e09f4bcb87,07113be4-a891-4874-8154-dc2b3e16c791,2026-10-07T04:45:17.169907Z,complete,terminal,,F derived from result binding aed7612b0ec1da99a4fc28e00842b1a2fdc8ded3a22b2895003750efe92f38b5,observed,F,1,text,sealed,finished,M7 exact derivation,observed,diagnoses,0,M7 exact derivation,observed,lines,42,1,0,M7 exact derivation,observed,diagnoses_per_100_lines,0,True,mixed: explicit per observation
M7-analysis-v5,f9faff59-3259-5804-8713-ca7f4006c343,2,ab3de02cd2dcb666e4e84e0e76df1f61b62c2df3fb548bf556f8f158f2bf18c7,C-UP-0,c9b1cb0ac1f796fd7d6ed58a0ff22c16832977bd6a97c5a7afbce6e1adc06824,bc62af86-8509-48fe-a3bb-42e1d77fa60f,dbb63e68d4ed9e904fa985aa5b88d674205b6caab086a8d981ac8918a9c68fb5,"[""4afc763c-033e-501c-9c9c-453207d31e62"",""1fed9611-d0cc-51e5-86e7-4ba237c836a2"",""0e4d4039-5409-5be7-a300-ded85e9c22d7"",""1c4afc6f-6679-57b7-ab6b-cec3053e85a1"",""76216ff6-0dab-5f43-913f-741c2deb7596"",""fe7c5fea-171a-5d3e-b93c-b9d53dca7c67"",""784c942d-b222-5013-a2e4-de4aa477a143"",""2f2d84f4-6f41-5df7-a828-cc0a3d9cdddf"",""c68f6332-f200-5595-940d-e5bcad78f1fe"",""54c3aba8-cb42-5023-9591-5cdd68bdd7c5"",""b9ac296e-4c6c-5cdc-9e03-14868c124af2"",""022ddff9-4332-5ba5-b884-42537f220a0c"",""0d262496-18e1-5973-84a6-84fbda64d0ff"",""447860c8-1d56-518b-88ad-7e103990b756"",""616ecfda-7163-5a8d-ba60-01f623d8b124"",""656bacfc-b102-5379-8db2-2f9f127621e0"",""88f2e658-6155-5924-bc85-63fe2aabb08a"",""9f032fb3-90ca-5749-aff5-1065077ac10e"",""4d2e4005-a84b-525b-a492-d367c5e405d0"",""12b20e20-e117-5c00-83bc-e589b92b730e"",""e97a5398-37b9-5e89-91a9-9b3ae48d9534"",""7a8f92c5-5f85-593a-bf90-08e13c60a2e6"",""aa66f5e3-ac0e-57d6-9b69-aa54ea7c4fb9"",""d07b7490-853e-562b-b662-305e89e7718d"",""596c0800-372d-5056-8a35-9f8661656bf4"",""d08816e6-d4d6-5f35-9de3-d86528fa7a96"",""2e126757-f17e-5ee2-93db-94d31ed944b2"",""5e1af4e2-330f-563f-b639-2d3cd8d276c8"",""49cd1889-2a56-5913-8723-929335f68874"",""82b898ba-3b6d-567f-8996-4f259b74547e"",""d38eb7d2-e78b-5c2f-93e4-2e34846e80e6"",""33effc64-dcfe-5ced-badf-c4df49f68dc1"",""a3a03b99-34c0-504b-b529-32b798db318a"",""8b3ec7b0-123f-5597-95f7-1fafc5810d01"",""035c5442-19b8-5a84-8a59-b352a9660279"",""d6d45010-72fa-5741-b733-88958a8795d2"",""ab8215e5-b753-5a6a-a4e7-ad9caf42eeac"",""1b20061c-b208-551a-b06c-81ffeff623fc"",""9b6d0913-2ae6-5dab-ab36-d05e1c51b208"",""a27c1fb2-edc1-57e6-9d74-adb5a13fed3b"",""4696448b-8c21-591b-80cc-7344ea0b95ec"",""c1d75a33-928c-5636-b99c-def1fb29e0f5"",""61eebfb6-2555-5bce-ba71-7a750427392a"",""aba074a1-d451-595d-bc12-e257adbe7383"",""1ca34094-ee4d-5962-a78a-174d361a9cd3"",""7edb0577-da07-5c6f-8391-bb90e9822165"",""d7c5d484-54dc-5d1e-a3ac-65d60267a12c"",""f416cc8b-3bc2-5c4c-a91c-c56faf748684""]",3,1,M7 exact derivation,observed,ratio,1/3,M7 exact derivation,observed,binary,1,M7 exact derivation,observed,binary,0,M7 exact derivation,observed,binary,0,M7 exact derivation,observed,binary,1,M7 exact derivation,observed,binary,0,M7 exact derivation,observed,binary,0,M7 exact derivation,observed,binary,1,,M6-evaluator-v1,observed,binary,1,decimal,,Menschliche lokale Selbstauskunft,observed,binary,1,decimal,,Menschliche lokale Selbstauskunft,observed,binary,1,decimal,,Menschliche lokale Selbstauskunft,observed,binary,1,decimal,,M6-evaluator-v1,observed,binary,1,decimal,M7 exact derivation,observed,binary,0,656bacfc-b102-5379-8db2-2f9f127621e0,True,,16,Not collected,not_collected,s,,6,Not collected,not_collected,s,,0.121094300,USD,0.121094300,known,Not collected,not_collected,s,,Not collected,not_collected,s,,Not collected,not_collected,s,,Not collected,not_collected,s,,,97018083-d911-4b80-a591-84601d78377d,observed,s,0,decimal,,97018083-d911-4b80-a591-84601d78377d,observed,s,0,decimal,,97018083-d911-4b80-a591-84601d78377d,observed,s,498.157246227,decimal,1,Not collected,not_collected,s,,Not collected,not_collected,s,,"[""5e0b30d9-8b25-4631-b2f6-4032c3d5c4f0"",""bab7502e-c892-4424-8b0f-f13906f5510e"",""1a856661-62b8-442a-ad46-c6d0a4b23072"",""2a285dde-309d-4fef-9b3b-0eff8d4dbbec"",""363f62dd-45b2-4769-9bf9-cd828aebe8af"",""0ae0b33e-325c-414f-9b0b-1d1b9d1e15d7""]",0,complete,tokens,"[""5e0b30d9-8b25-4631-b2f6-4032c3d5c4f0"",""bab7502e-c892-4424-8b0f-f13906f5510e"",""1a856661-62b8-442a-ad46-c6d0a4b23072"",""2a285dde-309d-4fef-9b3b-0eff8d4dbbec"",""363f62dd-45b2-4769-9bf9-cd828aebe8af"",""0ae0b33e-325c-414f-9b0b-1d1b9d1e15d7""]",0,"[""5e0b30d9-8b25-4631-b2f6-4032c3d5c4f0"",""bab7502e-c892-4424-8b0f-f13906f5510e"",""1a856661-62b8-442a-ad46-c6d0a4b23072"",""2a285dde-309d-4fef-9b3b-0eff8d4dbbec"",""363f62dd-45b2-4769-9bf9-cd828aebe8af"",""0ae0b33e-325c-414f-9b0b-1d1b9d1e15d7""]",851800,complete,tokens,"[""5e0b30d9-8b25-4631-b2f6-4032c3d5c4f0"",""bab7502e-c892-4424-8b0f-f13906f5510e"",""1a856661-62b8-442a-ad46-c6d0a4b23072"",""2a285dde-309d-4fef-9b3b-0eff8d4dbbec"",""363f62dd-45b2-4769-9bf9-cd828aebe8af"",""0ae0b33e-325c-414f-9b0b-1d1b9d1e15d7""]",851800,"[""5e0b30d9-8b25-4631-b2f6-4032c3d5c4f0"",""bab7502e-c892-4424-8b0f-f13906f5510e"",""1a856661-62b8-442a-ad46-c6d0a4b23072"",""2a285dde-309d-4fef-9b3b-0eff8d4dbbec"",""363f62dd-45b2-4769-9bf9-cd828aebe8af"",""0ae0b33e-325c-414f-9b0b-1d1b9d1e15d7""]",851818,complete,tokens,"[""5e0b30d9-8b25-4631-b2f6-4032c3d5c4f0"",""bab7502e-c892-4424-8b0f-f13906f5510e"",""1a856661-62b8-442a-ad46-c6d0a4b23072"",""2a285dde-309d-4fef-9b3b-0eff8d4dbbec"",""363f62dd-45b2-4769-9bf9-cd828aebe8af"",""0ae0b33e-325c-414f-9b0b-1d1b9d1e15d7""]",851818,"[""5e0b30d9-8b25-4631-b2f6-4032c3d5c4f0"",""bab7502e-c892-4424-8b0f-f13906f5510e"",""1a856661-62b8-442a-ad46-c6d0a4b23072"",""2a285dde-309d-4fef-9b3b-0eff8d4dbbec"",""363f62dd-45b2-4769-9bf9-cd828aebe8af"",""0ae0b33e-325c-414f-9b0b-1d1b9d1e15d7""]",,missing,tokens,[],,"[""5e0b30d9-8b25-4631-b2f6-4032c3d5c4f0"",""bab7502e-c892-4424-8b0f-f13906f5510e"",""1a856661-62b8-442a-ad46-c6d0a4b23072"",""2a285dde-309d-4fef-9b3b-0eff8d4dbbec"",""363f62dd-45b2-4769-9bf9-cd828aebe8af"",""0ae0b33e-325c-414f-9b0b-1d1b9d1e15d7""]",29235,complete,tokens,"[""5e0b30d9-8b25-4631-b2f6-4032c3d5c4f0"",""bab7502e-c892-4424-8b0f-f13906f5510e"",""1a856661-62b8-442a-ad46-c6d0a4b23072"",""2a285dde-309d-4fef-9b3b-0eff8d4dbbec"",""363f62dd-45b2-4769-9bf9-cd828aebe8af"",""0ae0b33e-325c-414f-9b0b-1d1b9d1e15d7""]",29235,"[""5e0b30d9-8b25-4631-b2f6-4032c3d5c4f0"",""bab7502e-c892-4424-8b0f-f13906f5510e"",""1a856661-62b8-442a-ad46-c6d0a4b23072"",""2a285dde-309d-4fef-9b3b-0eff8d4dbbec"",""363f62dd-45b2-4769-9bf9-cd828aebe8af"",""0ae0b33e-325c-414f-9b0b-1d1b9d1e15d7""]",16781,complete,tokens,"[""5e0b30d9-8b25-4631-b2f6-4032c3d5c4f0"",""bab7502e-c892-4424-8b0f-f13906f5510e"",""1a856661-62b8-442a-ad46-c6d0a4b23072"",""2a285dde-309d-4fef-9b3b-0eff8d4dbbec"",""363f62dd-45b2-4769-9bf9-cd828aebe8af"",""0ae0b33e-325c-414f-9b0b-1d1b9d1e15d7""]",16781,"[""5e0b30d9-8b25-4631-b2f6-4032c3d5c4f0"",""bab7502e-c892-4424-8b0f-f13906f5510e"",""1a856661-62b8-442a-ad46-c6d0a4b23072"",""2a285dde-309d-4fef-9b3b-0eff8d4dbbec"",""363f62dd-45b2-4769-9bf9-cd828aebe8af"",""0ae0b33e-325c-414f-9b0b-1d1b9d1e15d7""]",881053,complete,tokens,"[""5e0b30d9-8b25-4631-b2f6-4032c3d5c4f0"",""bab7502e-c892-4424-8b0f-f13906f5510e"",""1a856661-62b8-442a-ad46-c6d0a4b23072"",""2a285dde-309d-4fef-9b3b-0eff8d4dbbec"",""363f62dd-45b2-4769-9bf9-cd828aebe8af"",""0ae0b33e-325c-414f-9b0b-1d1b9d1e15d7""]",881053,,97018083-d911-4b80-a591-84601d78377d,observed,s,498.157246227,decimal,6,91d2cc0f-ca64-4f35-a998-b56d0438b753,c3667909-126d-49f1-bf20-c15c15e92360,2026-10-07T05:02:48.882432Z,complete,terminal,,F derived from result binding 2e13e8345396ca46108128a84630ef3fa6687267aac30ec27af0c33101ce51f6,observed,F,1/3,text,sealed,content_failure,M7 exact derivation,observed,diagnoses,3,M7 exact derivation,observed,lines,160,8,15,M7 exact derivation,observed,diagnoses_per_100_lines,15/8,True,mixed: explicit per observation
M7-analysis-v5,f9faff59-3259-5804-8713-ca7f4006c343,2,d34b62b0247cfed84c639c1428d6133b9ccb95cbad7b52132414c2c4b1df51d2,C-BF-0,19fa6fbf4f554673689996213945dcaed831a9bf0fbdc6988698abb77fd647ee,90318496-3af4-49cd-a20d-b85db76e5a0a,dbb63e68d4ed9e904fa985aa5b88d674205b6caab086a8d981ac8918a9c68fb5,"[""4afc763c-033e-501c-9c9c-453207d31e62"",""1fed9611-d0cc-51e5-86e7-4ba237c836a2"",""0e4d4039-5409-5be7-a300-ded85e9c22d7"",""1c4afc6f-6679-57b7-ab6b-cec3053e85a1"",""76216ff6-0dab-5f43-913f-741c2deb7596"",""fe7c5fea-171a-5d3e-b93c-b9d53dca7c67"",""784c942d-b222-5013-a2e4-de4aa477a143"",""2f2d84f4-6f41-5df7-a828-cc0a3d9cdddf"",""c68f6332-f200-5595-940d-e5bcad78f1fe"",""54c3aba8-cb42-5023-9591-5cdd68bdd7c5"",""b9ac296e-4c6c-5cdc-9e03-14868c124af2"",""022ddff9-4332-5ba5-b884-42537f220a0c"",""0d262496-18e1-5973-84a6-84fbda64d0ff"",""447860c8-1d56-518b-88ad-7e103990b756"",""616ecfda-7163-5a8d-ba60-01f623d8b124"",""656bacfc-b102-5379-8db2-2f9f127621e0"",""88f2e658-6155-5924-bc85-63fe2aabb08a"",""9f032fb3-90ca-5749-aff5-1065077ac10e"",""4d2e4005-a84b-525b-a492-d367c5e405d0"",""12b20e20-e117-5c00-83bc-e589b92b730e"",""e97a5398-37b9-5e89-91a9-9b3ae48d9534"",""7a8f92c5-5f85-593a-bf90-08e13c60a2e6"",""aa66f5e3-ac0e-57d6-9b69-aa54ea7c4fb9"",""d07b7490-853e-562b-b662-305e89e7718d"",""596c0800-372d-5056-8a35-9f8661656bf4"",""d08816e6-d4d6-5f35-9de3-d86528fa7a96"",""2e126757-f17e-5ee2-93db-94d31ed944b2"",""5e1af4e2-330f-563f-b639-2d3cd8d276c8"",""49cd1889-2a56-5913-8723-929335f68874"",""82b898ba-3b6d-567f-8996-4f259b74547e"",""d38eb7d2-e78b-5c2f-93e4-2e34846e80e6"",""33effc64-dcfe-5ced-badf-c4df49f68dc1"",""a3a03b99-34c0-504b-b529-32b798db318a"",""8b3ec7b0-123f-5597-95f7-1fafc5810d01"",""035c5442-19b8-5a84-8a59-b352a9660279"",""d6d45010-72fa-5741-b733-88958a8795d2"",""ab8215e5-b753-5a6a-a4e7-ad9caf42eeac"",""1b20061c-b208-551a-b06c-81ffeff623fc"",""9b6d0913-2ae6-5dab-ab36-d05e1c51b208"",""a27c1fb2-edc1-57e6-9d74-adb5a13fed3b"",""4696448b-8c21-591b-80cc-7344ea0b95ec"",""c1d75a33-928c-5636-b99c-def1fb29e0f5"",""61eebfb6-2555-5bce-ba71-7a750427392a"",""aba074a1-d451-595d-bc12-e257adbe7383"",""1ca34094-ee4d-5962-a78a-174d361a9cd3"",""7edb0577-da07-5c6f-8391-bb90e9822165"",""d7c5d484-54dc-5d1e-a3ac-65d60267a12c"",""f416cc8b-3bc2-5c4c-a91c-c56faf748684""]",1,1,M7 exact derivation,observed,ratio,1,M7 exact derivation,observed,binary,1,M7 exact derivation,observed,binary,1,M7 exact derivation,observed,binary,1,M7 exact derivation,observed,binary,1,M7 exact derivation,observed,binary,1,M7 exact derivation,observed,binary,1,M7 exact derivation,observed,binary,1,,M6-evaluator-v1,observed,binary,1,decimal,,Menschliche lokale Selbstauskunft,observed,binary,1,decimal,,Menschliche lokale Selbstauskunft,observed,binary,1,decimal,,Menschliche lokale Selbstauskunft,observed,binary,1,decimal,,M6-evaluator-v1,observed,binary,1,decimal,M7 exact derivation,observed,binary,1,88f2e658-6155-5924-bc85-63fe2aabb08a,True,,17,Not collected,not_collected,s,,6,Not collected,not_collected,s,,0.112371675,USD,0.112371675,known,Not collected,not_collected,s,,Not collected,not_collected,s,,Not collected,not_collected,s,,Not collected,not_collected,s,,,8029f929-a1c2-4d93-bdc3-2170ca23d89b,observed,s,0,decimal,,8029f929-a1c2-4d93-bdc3-2170ca23d89b,observed,s,0,decimal,,8029f929-a1c2-4d93-bdc3-2170ca23d89b,observed,s,337.790405239,decimal,1,Not collected,not_collected,s,,Not collected,not_collected,s,,"[""e365970e-f89d-4e2b-9bf1-bc8b7766f19f"",""a275d496-44eb-4585-ad0a-9ba46ece7740"",""d77c7325-9c5f-4d16-a42e-95738d1cded1"",""02275354-75ed-4ffa-8e15-ac62bd431102"",""fcd1557c-2988-461a-ac76-06cd9dfd38a7"",""a03f1cb7-f99a-41a9-a3b1-3d615a51ec03""]",0,complete,tokens,"[""e365970e-f89d-4e2b-9bf1-bc8b7766f19f"",""a275d496-44eb-4585-ad0a-9ba46ece7740"",""d77c7325-9c5f-4d16-a42e-95738d1cded1"",""02275354-75ed-4ffa-8e15-ac62bd431102"",""fcd1557c-2988-461a-ac76-06cd9dfd38a7"",""a03f1cb7-f99a-41a9-a3b1-3d615a51ec03""]",0,"[""e365970e-f89d-4e2b-9bf1-bc8b7766f19f"",""a275d496-44eb-4585-ad0a-9ba46ece7740"",""d77c7325-9c5f-4d16-a42e-95738d1cded1"",""02275354-75ed-4ffa-8e15-ac62bd431102"",""fcd1557c-2988-461a-ac76-06cd9dfd38a7"",""a03f1cb7-f99a-41a9-a3b1-3d615a51ec03""]",844459,complete,tokens,"[""e365970e-f89d-4e2b-9bf1-bc8b7766f19f"",""a275d496-44eb-4585-ad0a-9ba46ece7740"",""d77c7325-9c5f-4d16-a42e-95738d1cded1"",""02275354-75ed-4ffa-8e15-ac62bd431102"",""fcd1557c-2988-461a-ac76-06cd9dfd38a7"",""a03f1cb7-f99a-41a9-a3b1-3d615a51ec03""]",844459,"[""e365970e-f89d-4e2b-9bf1-bc8b7766f19f"",""a275d496-44eb-4585-ad0a-9ba46ece7740"",""d77c7325-9c5f-4d16-a42e-95738d1cded1"",""02275354-75ed-4ffa-8e15-ac62bd431102"",""fcd1557c-2988-461a-ac76-06cd9dfd38a7"",""a03f1cb7-f99a-41a9-a3b1-3d615a51ec03""]",844477,complete,tokens,"[""e365970e-f89d-4e2b-9bf1-bc8b7766f19f"",""a275d496-44eb-4585-ad0a-9ba46ece7740"",""d77c7325-9c5f-4d16-a42e-95738d1cded1"",""02275354-75ed-4ffa-8e15-ac62bd431102"",""fcd1557c-2988-461a-ac76-06cd9dfd38a7"",""a03f1cb7-f99a-41a9-a3b1-3d615a51ec03""]",844477,"[""e365970e-f89d-4e2b-9bf1-bc8b7766f19f"",""a275d496-44eb-4585-ad0a-9ba46ece7740"",""d77c7325-9c5f-4d16-a42e-95738d1cded1"",""02275354-75ed-4ffa-8e15-ac62bd431102"",""fcd1557c-2988-461a-ac76-06cd9dfd38a7"",""a03f1cb7-f99a-41a9-a3b1-3d615a51ec03""]",,missing,tokens,[],,"[""e365970e-f89d-4e2b-9bf1-bc8b7766f19f"",""a275d496-44eb-4585-ad0a-9ba46ece7740"",""d77c7325-9c5f-4d16-a42e-95738d1cded1"",""02275354-75ed-4ffa-8e15-ac62bd431102"",""fcd1557c-2988-461a-ac76-06cd9dfd38a7"",""a03f1cb7-f99a-41a9-a3b1-3d615a51ec03""]",13625,complete,tokens,"[""e365970e-f89d-4e2b-9bf1-bc8b7766f19f"",""a275d496-44eb-4585-ad0a-9ba46ece7740"",""d77c7325-9c5f-4d16-a42e-95738d1cded1"",""02275354-75ed-4ffa-8e15-ac62bd431102"",""fcd1557c-2988-461a-ac76-06cd9dfd38a7"",""a03f1cb7-f99a-41a9-a3b1-3d615a51ec03""]",13625,"[""e365970e-f89d-4e2b-9bf1-bc8b7766f19f"",""a275d496-44eb-4585-ad0a-9ba46ece7740"",""d77c7325-9c5f-4d16-a42e-95738d1cded1"",""02275354-75ed-4ffa-8e15-ac62bd431102"",""fcd1557c-2988-461a-ac76-06cd9dfd38a7"",""a03f1cb7-f99a-41a9-a3b1-3d615a51ec03""]",5414,complete,tokens,"[""e365970e-f89d-4e2b-9bf1-bc8b7766f19f"",""a275d496-44eb-4585-ad0a-9ba46ece7740"",""d77c7325-9c5f-4d16-a42e-95738d1cded1"",""02275354-75ed-4ffa-8e15-ac62bd431102"",""fcd1557c-2988-461a-ac76-06cd9dfd38a7"",""a03f1cb7-f99a-41a9-a3b1-3d615a51ec03""]",5414,"[""e365970e-f89d-4e2b-9bf1-bc8b7766f19f"",""a275d496-44eb-4585-ad0a-9ba46ece7740"",""d77c7325-9c5f-4d16-a42e-95738d1cded1"",""02275354-75ed-4ffa-8e15-ac62bd431102"",""fcd1557c-2988-461a-ac76-06cd9dfd38a7"",""a03f1cb7-f99a-41a9-a3b1-3d615a51ec03""]",858102,complete,tokens,"[""e365970e-f89d-4e2b-9bf1-bc8b7766f19f"",""a275d496-44eb-4585-ad0a-9ba46ece7740"",""d77c7325-9c5f-4d16-a42e-95738d1cded1"",""02275354-75ed-4ffa-8e15-ac62bd431102"",""fcd1557c-2988-461a-ac76-06cd9dfd38a7"",""a03f1cb7-f99a-41a9-a3b1-3d615a51ec03""]",858102,,8029f929-a1c2-4d93-bdc3-2170ca23d89b,observed,s,337.790405239,decimal,6,9a92774e-b5f2-4bd4-9f9b-0a480a4316de,5c5edc74-147b-41f6-8b83-eec760850860,2026-10-07T05:17:58.023227Z,complete,terminal,,F derived from result binding c4e251019ea333464bbc74f76fb78c1e59489e56764789e20fb4d0245b854cfd,observed,F,1,text,sealed,content_failure,M7 exact derivation,observed,diagnoses,0,M7 exact derivation,observed,lines,56,1,0,M7 exact derivation,observed,diagnoses_per_100_lines,0,True,mixed: explicit per observation
M7-analysis-v5,f9faff59-3259-5804-8713-ca7f4006c343,2,70a33e71cf64cb1bd0f149592270b9746071b252454a55bbfc3f9b46d3e0421c,C-SQL-0,0294f6c032f413f4245e83b15db52ab8f50ccfa6163f315fda209ab5b27f96be,a132b12b-e7a2-4837-8603-2cfe9fd0228c,dbb63e68d4ed9e904fa985aa5b88d674205b6caab086a8d981ac8918a9c68fb5,"[""4afc763c-033e-501c-9c9c-453207d31e62"",""1fed9611-d0cc-51e5-86e7-4ba237c836a2"",""0e4d4039-5409-5be7-a300-ded85e9c22d7"",""1c4afc6f-6679-57b7-ab6b-cec3053e85a1"",""76216ff6-0dab-5f43-913f-741c2deb7596"",""fe7c5fea-171a-5d3e-b93c-b9d53dca7c67"",""784c942d-b222-5013-a2e4-de4aa477a143"",""2f2d84f4-6f41-5df7-a828-cc0a3d9cdddf"",""c68f6332-f200-5595-940d-e5bcad78f1fe"",""54c3aba8-cb42-5023-9591-5cdd68bdd7c5"",""b9ac296e-4c6c-5cdc-9e03-14868c124af2"",""022ddff9-4332-5ba5-b884-42537f220a0c"",""0d262496-18e1-5973-84a6-84fbda64d0ff"",""447860c8-1d56-518b-88ad-7e103990b756"",""616ecfda-7163-5a8d-ba60-01f623d8b124"",""656bacfc-b102-5379-8db2-2f9f127621e0"",""88f2e658-6155-5924-bc85-63fe2aabb08a"",""9f032fb3-90ca-5749-aff5-1065077ac10e"",""4d2e4005-a84b-525b-a492-d367c5e405d0"",""12b20e20-e117-5c00-83bc-e589b92b730e"",""e97a5398-37b9-5e89-91a9-9b3ae48d9534"",""7a8f92c5-5f85-593a-bf90-08e13c60a2e6"",""aa66f5e3-ac0e-57d6-9b69-aa54ea7c4fb9"",""d07b7490-853e-562b-b662-305e89e7718d"",""596c0800-372d-5056-8a35-9f8661656bf4"",""d08816e6-d4d6-5f35-9de3-d86528fa7a96"",""2e126757-f17e-5ee2-93db-94d31ed944b2"",""5e1af4e2-330f-563f-b639-2d3cd8d276c8"",""49cd1889-2a56-5913-8723-929335f68874"",""82b898ba-3b6d-567f-8996-4f259b74547e"",""d38eb7d2-e78b-5c2f-93e4-2e34846e80e6"",""33effc64-dcfe-5ced-badf-c4df49f68dc1"",""a3a03b99-34c0-504b-b529-32b798db318a"",""8b3ec7b0-123f-5597-95f7-1fafc5810d01"",""035c5442-19b8-5a84-8a59-b352a9660279"",""d6d45010-72fa-5741-b733-88958a8795d2"",""ab8215e5-b753-5a6a-a4e7-ad9caf42eeac"",""1b20061c-b208-551a-b06c-81ffeff623fc"",""9b6d0913-2ae6-5dab-ab36-d05e1c51b208"",""a27c1fb2-edc1-57e6-9d74-adb5a13fed3b"",""4696448b-8c21-591b-80cc-7344ea0b95ec"",""c1d75a33-928c-5636-b99c-def1fb29e0f5"",""61eebfb6-2555-5bce-ba71-7a750427392a"",""aba074a1-d451-595d-bc12-e257adbe7383"",""1ca34094-ee4d-5962-a78a-174d361a9cd3"",""7edb0577-da07-5c6f-8391-bb90e9822165"",""d7c5d484-54dc-5d1e-a3ac-65d60267a12c"",""f416cc8b-3bc2-5c4c-a91c-c56faf748684""]",1,1,M7 exact derivation,observed,ratio,1,M7 exact derivation,observed,binary,1,M7 exact derivation,observed,binary,1,M7 exact derivation,observed,binary,1,M7 exact derivation,observed,binary,1,M7 exact derivation,observed,binary,1,M7 exact derivation,observed,binary,1,M7 exact derivation,observed,binary,1,,M6-evaluator-v1,observed,binary,1,decimal,,Menschliche lokale Selbstauskunft,observed,binary,1,decimal,,Menschliche lokale Selbstauskunft,observed,binary,1,decimal,,Menschliche lokale Selbstauskunft,observed,binary,1,decimal,,M6-evaluator-v1,observed,binary,1,decimal,M7 exact derivation,observed,binary,1,9f032fb3-90ca-5749-aff5-1065077ac10e,True,,18,Not collected,not_collected,s,,6,Not collected,not_collected,s,,0.112600675,USD,0.112600675,known,Not collected,not_collected,s,,Not collected,not_collected,s,,Not collected,not_collected,s,,Not collected,not_collected,s,,,7512f7fd-7604-4d92-9430-2ce0aa0cf61d,observed,s,0,decimal,,7512f7fd-7604-4d92-9430-2ce0aa0cf61d,observed,s,0,decimal,,7512f7fd-7604-4d92-9430-2ce0aa0cf61d,observed,s,331.903605026,decimal,1,Not collected,not_collected,s,,Not collected,not_collected,s,,"[""0d8cbf30-0a82-4d95-b7ee-c96cbb64ef75"",""2b0f0555-6425-42ee-ae55-40239efc746d"",""34d443be-8188-41b3-baec-dffea5411f17"",""17bae992-b94e-4a9f-adc0-b53f23c1de90"",""a08bd32b-778e-41c4-896c-61fa134bf2ec"",""9b2058a3-8981-4f77-be00-ef1157048a2d""]",0,complete,tokens,"[""0d8cbf30-0a82-4d95-b7ee-c96cbb64ef75"",""2b0f0555-6425-42ee-ae55-40239efc746d"",""34d443be-8188-41b3-baec-dffea5411f17"",""17bae992-b94e-4a9f-adc0-b53f23c1de90"",""a08bd32b-778e-41c4-896c-61fa134bf2ec"",""9b2058a3-8981-4f77-be00-ef1157048a2d""]",0,"[""0d8cbf30-0a82-4d95-b7ee-c96cbb64ef75"",""2b0f0555-6425-42ee-ae55-40239efc746d"",""34d443be-8188-41b3-baec-dffea5411f17"",""17bae992-b94e-4a9f-adc0-b53f23c1de90"",""a08bd32b-778e-41c4-896c-61fa134bf2ec"",""9b2058a3-8981-4f77-be00-ef1157048a2d""]",845187,complete,tokens,"[""0d8cbf30-0a82-4d95-b7ee-c96cbb64ef75"",""2b0f0555-6425-42ee-ae55-40239efc746d"",""34d443be-8188-41b3-baec-dffea5411f17"",""17bae992-b94e-4a9f-adc0-b53f23c1de90"",""a08bd32b-778e-41c4-896c-61fa134bf2ec"",""9b2058a3-8981-4f77-be00-ef1157048a2d""]",845187,"[""0d8cbf30-0a82-4d95-b7ee-c96cbb64ef75"",""2b0f0555-6425-42ee-ae55-40239efc746d"",""34d443be-8188-41b3-baec-dffea5411f17"",""17bae992-b94e-4a9f-adc0-b53f23c1de90"",""a08bd32b-778e-41c4-896c-61fa134bf2ec"",""9b2058a3-8981-4f77-be00-ef1157048a2d""]",845205,complete,tokens,"[""0d8cbf30-0a82-4d95-b7ee-c96cbb64ef75"",""2b0f0555-6425-42ee-ae55-40239efc746d"",""34d443be-8188-41b3-baec-dffea5411f17"",""17bae992-b94e-4a9f-adc0-b53f23c1de90"",""a08bd32b-778e-41c4-896c-61fa134bf2ec"",""9b2058a3-8981-4f77-be00-ef1157048a2d""]",845205,"[""0d8cbf30-0a82-4d95-b7ee-c96cbb64ef75"",""2b0f0555-6425-42ee-ae55-40239efc746d"",""34d443be-8188-41b3-baec-dffea5411f17"",""17bae992-b94e-4a9f-adc0-b53f23c1de90"",""a08bd32b-778e-41c4-896c-61fa134bf2ec"",""9b2058a3-8981-4f77-be00-ef1157048a2d""]",,missing,tokens,[],,"[""0d8cbf30-0a82-4d95-b7ee-c96cbb64ef75"",""2b0f0555-6425-42ee-ae55-40239efc746d"",""34d443be-8188-41b3-baec-dffea5411f17"",""17bae992-b94e-4a9f-adc0-b53f23c1de90"",""a08bd32b-778e-41c4-896c-61fa134bf2ec"",""9b2058a3-8981-4f77-be00-ef1157048a2d""]",13901,complete,tokens,"[""0d8cbf30-0a82-4d95-b7ee-c96cbb64ef75"",""2b0f0555-6425-42ee-ae55-40239efc746d"",""34d443be-8188-41b3-baec-dffea5411f17"",""17bae992-b94e-4a9f-adc0-b53f23c1de90"",""a08bd32b-778e-41c4-896c-61fa134bf2ec"",""9b2058a3-8981-4f77-be00-ef1157048a2d""]",13901,"[""0d8cbf30-0a82-4d95-b7ee-c96cbb64ef75"",""2b0f0555-6425-42ee-ae55-40239efc746d"",""34d443be-8188-41b3-baec-dffea5411f17"",""17bae992-b94e-4a9f-adc0-b53f23c1de90"",""a08bd32b-778e-41c4-896c-61fa134bf2ec"",""9b2058a3-8981-4f77-be00-ef1157048a2d""]",6804,complete,tokens,"[""0d8cbf30-0a82-4d95-b7ee-c96cbb64ef75"",""2b0f0555-6425-42ee-ae55-40239efc746d"",""34d443be-8188-41b3-baec-dffea5411f17"",""17bae992-b94e-4a9f-adc0-b53f23c1de90"",""a08bd32b-778e-41c4-896c-61fa134bf2ec"",""9b2058a3-8981-4f77-be00-ef1157048a2d""]",6804,"[""0d8cbf30-0a82-4d95-b7ee-c96cbb64ef75"",""2b0f0555-6425-42ee-ae55-40239efc746d"",""34d443be-8188-41b3-baec-dffea5411f17"",""17bae992-b94e-4a9f-adc0-b53f23c1de90"",""a08bd32b-778e-41c4-896c-61fa134bf2ec"",""9b2058a3-8981-4f77-be00-ef1157048a2d""]",859106,complete,tokens,"[""0d8cbf30-0a82-4d95-b7ee-c96cbb64ef75"",""2b0f0555-6425-42ee-ae55-40239efc746d"",""34d443be-8188-41b3-baec-dffea5411f17"",""17bae992-b94e-4a9f-adc0-b53f23c1de90"",""a08bd32b-778e-41c4-896c-61fa134bf2ec"",""9b2058a3-8981-4f77-be00-ef1157048a2d""]",859106,,7512f7fd-7604-4d92-9430-2ce0aa0cf61d,observed,s,331.903605026,decimal,6,d0716952-aac2-418b-b525-c9bff75b683c,1120c5ff-26a2-4943-8b6a-701fcf856f94,2026-10-07T05:42:36.981295Z,complete,terminal,,F derived from result binding 74578daf942d494fdb92166601ae857e4f4dfa2b3b88dbdb4f43e9f80447db45,observed,F,1,text,sealed,content_failure,M7 exact derivation,observed,diagnoses,0,M7 exact derivation,observed,lines,43,1,0,M7 exact derivation,observed,diagnoses_per_100_lines,0,True,mixed: explicit per observation
M7-analysis-v5,f9faff59-3259-5804-8713-ca7f4006c343,2,62a469b9b8e0e28ce8d744f8537004f7b978bf2156fdf548664726eed2ae1343,E-P1R0,46fff238fb6d2caf7973ae538150ab3097c1fa1862c12a1b6c4ff163afb5f6c3,4eb1de1a-3682-4e43-9075-598dbaee7479,dbb63e68d4ed9e904fa985aa5b88d674205b6caab086a8d981ac8918a9c68fb5,"[""4afc763c-033e-501c-9c9c-453207d31e62"",""1fed9611-d0cc-51e5-86e7-4ba237c836a2"",""0e4d4039-5409-5be7-a300-ded85e9c22d7"",""1c4afc6f-6679-57b7-ab6b-cec3053e85a1"",""76216ff6-0dab-5f43-913f-741c2deb7596"",""fe7c5fea-171a-5d3e-b93c-b9d53dca7c67"",""784c942d-b222-5013-a2e4-de4aa477a143"",""2f2d84f4-6f41-5df7-a828-cc0a3d9cdddf"",""c68f6332-f200-5595-940d-e5bcad78f1fe"",""54c3aba8-cb42-5023-9591-5cdd68bdd7c5"",""b9ac296e-4c6c-5cdc-9e03-14868c124af2"",""022ddff9-4332-5ba5-b884-42537f220a0c"",""0d262496-18e1-5973-84a6-84fbda64d0ff"",""447860c8-1d56-518b-88ad-7e103990b756"",""616ecfda-7163-5a8d-ba60-01f623d8b124"",""656bacfc-b102-5379-8db2-2f9f127621e0"",""88f2e658-6155-5924-bc85-63fe2aabb08a"",""9f032fb3-90ca-5749-aff5-1065077ac10e"",""4d2e4005-a84b-525b-a492-d367c5e405d0"",""12b20e20-e117-5c00-83bc-e589b92b730e"",""e97a5398-37b9-5e89-91a9-9b3ae48d9534"",""7a8f92c5-5f85-593a-bf90-08e13c60a2e6"",""aa66f5e3-ac0e-57d6-9b69-aa54ea7c4fb9"",""d07b7490-853e-562b-b662-305e89e7718d"",""596c0800-372d-5056-8a35-9f8661656bf4"",""d08816e6-d4d6-5f35-9de3-d86528fa7a96"",""2e126757-f17e-5ee2-93db-94d31ed944b2"",""5e1af4e2-330f-563f-b639-2d3cd8d276c8"",""49cd1889-2a56-5913-8723-929335f68874"",""82b898ba-3b6d-567f-8996-4f259b74547e"",""d38eb7d2-e78b-5c2f-93e4-2e34846e80e6"",""33effc64-dcfe-5ced-badf-c4df49f68dc1"",""a3a03b99-34c0-504b-b529-32b798db318a"",""8b3ec7b0-123f-5597-95f7-1fafc5810d01"",""035c5442-19b8-5a84-8a59-b352a9660279"",""d6d45010-72fa-5741-b733-88958a8795d2"",""ab8215e5-b753-5a6a-a4e7-ad9caf42eeac"",""1b20061c-b208-551a-b06c-81ffeff623fc"",""9b6d0913-2ae6-5dab-ab36-d05e1c51b208"",""a27c1fb2-edc1-57e6-9d74-adb5a13fed3b"",""4696448b-8c21-591b-80cc-7344ea0b95ec"",""c1d75a33-928c-5636-b99c-def1fb29e0f5"",""61eebfb6-2555-5bce-ba71-7a750427392a"",""aba074a1-d451-595d-bc12-e257adbe7383"",""1ca34094-ee4d-5962-a78a-174d361a9cd3"",""7edb0577-da07-5c6f-8391-bb90e9822165"",""d7c5d484-54dc-5d1e-a3ac-65d60267a12c"",""f416cc8b-3bc2-5c4c-a91c-c56faf748684""]",1,1,M7 exact derivation,observed,ratio,1,M7 exact derivation,observed,binary,1,M7 exact derivation,observed,binary,1,M7 exact derivation,observed,binary,1,M7 exact derivation,observed,binary,1,M7 exact derivation,observed,binary,1,M7 exact derivation,observed,binary,1,M7 exact derivation,observed,binary,1,,M6-evaluator-v1,observed,binary,1,decimal,,Menschliche lokale Selbstauskunft,observed,binary,1,decimal,,Menschliche lokale Selbstauskunft,observed,binary,1,decimal,,Menschliche lokale Selbstauskunft,observed,binary,1,decimal,,M6-evaluator-v1,observed,binary,1,decimal,M7 exact derivation,observed,binary,1,4d2e4005-a84b-525b-a492-d367c5e405d0,True,,19,Not collected,not_collected,s,,4,Not collected,not_collected,s,,0.074889075,USD,0.074889075,known,Not collected,not_collected,s,,Not collected,not_collected,s,,Not collected,not_collected,s,,Not collected,not_collected,s,,,0f96d22f-a940-4e8e-9b6e-5fded771e0fc,observed,s,0,decimal,,0f96d22f-a940-4e8e-9b6e-5fded771e0fc,observed,s,0,decimal,,0f96d22f-a940-4e8e-9b6e-5fded771e0fc,observed,s,204.431366926,decimal,0,Not collected,not_collected,s,,Not collected,not_collected,s,,"[""6d971f73-dd1b-4e37-96fc-c8b2ff5cd31c"",""91caf541-95e0-47f9-ac45-c839a2d0f56c"",""66a8c91c-234b-4b17-bc15-15eb63ce488d"",""1d45c014-1a81-4e1b-b8fc-6a58458bd4f7""]",0,complete,tokens,"[""6d971f73-dd1b-4e37-96fc-c8b2ff5cd31c"",""91caf541-95e0-47f9-ac45-c839a2d0f56c"",""66a8c91c-234b-4b17-bc15-15eb63ce488d"",""1d45c014-1a81-4e1b-b8fc-6a58458bd4f7""]",0,"[""6d971f73-dd1b-4e37-96fc-c8b2ff5cd31c"",""91caf541-95e0-47f9-ac45-c839a2d0f56c"",""66a8c91c-234b-4b17-bc15-15eb63ce488d"",""1d45c014-1a81-4e1b-b8fc-6a58458bd4f7""]",558067,complete,tokens,"[""6d971f73-dd1b-4e37-96fc-c8b2ff5cd31c"",""91caf541-95e0-47f9-ac45-c839a2d0f56c"",""66a8c91c-234b-4b17-bc15-15eb63ce488d"",""1d45c014-1a81-4e1b-b8fc-6a58458bd4f7""]",558067,"[""6d971f73-dd1b-4e37-96fc-c8b2ff5cd31c"",""91caf541-95e0-47f9-ac45-c839a2d0f56c"",""66a8c91c-234b-4b17-bc15-15eb63ce488d"",""1d45c014-1a81-4e1b-b8fc-6a58458bd4f7""]",558079,complete,tokens,"[""6d971f73-dd1b-4e37-96fc-c8b2ff5cd31c"",""91caf541-95e0-47f9-ac45-c839a2d0f56c"",""66a8c91c-234b-4b17-bc15-15eb63ce488d"",""1d45c014-1a81-4e1b-b8fc-6a58458bd4f7""]",558079,"[""6d971f73-dd1b-4e37-96fc-c8b2ff5cd31c"",""91caf541-95e0-47f9-ac45-c839a2d0f56c"",""66a8c91c-234b-4b17-bc15-15eb63ce488d"",""1d45c014-1a81-4e1b-b8fc-6a58458bd4f7""]",,missing,tokens,[],,"[""6d971f73-dd1b-4e37-96fc-c8b2ff5cd31c"",""91caf541-95e0-47f9-ac45-c839a2d0f56c"",""66a8c91c-234b-4b17-bc15-15eb63ce488d"",""1d45c014-1a81-4e1b-b8fc-6a58458bd4f7""]",10259,complete,tokens,"[""6d971f73-dd1b-4e37-96fc-c8b2ff5cd31c"",""91caf541-95e0-47f9-ac45-c839a2d0f56c"",""66a8c91c-234b-4b17-bc15-15eb63ce488d"",""1d45c014-1a81-4e1b-b8fc-6a58458bd4f7""]",10259,"[""6d971f73-dd1b-4e37-96fc-c8b2ff5cd31c"",""91caf541-95e0-47f9-ac45-c839a2d0f56c"",""66a8c91c-234b-4b17-bc15-15eb63ce488d"",""1d45c014-1a81-4e1b-b8fc-6a58458bd4f7""]",3782,complete,tokens,"[""6d971f73-dd1b-4e37-96fc-c8b2ff5cd31c"",""91caf541-95e0-47f9-ac45-c839a2d0f56c"",""66a8c91c-234b-4b17-bc15-15eb63ce488d"",""1d45c014-1a81-4e1b-b8fc-6a58458bd4f7""]",3782,"[""6d971f73-dd1b-4e37-96fc-c8b2ff5cd31c"",""91caf541-95e0-47f9-ac45-c839a2d0f56c"",""66a8c91c-234b-4b17-bc15-15eb63ce488d"",""1d45c014-1a81-4e1b-b8fc-6a58458bd4f7""]",568338,complete,tokens,"[""6d971f73-dd1b-4e37-96fc-c8b2ff5cd31c"",""91caf541-95e0-47f9-ac45-c839a2d0f56c"",""66a8c91c-234b-4b17-bc15-15eb63ce488d"",""1d45c014-1a81-4e1b-b8fc-6a58458bd4f7""]",568338,,0f96d22f-a940-4e8e-9b6e-5fded771e0fc,observed,s,204.431366926,decimal,4,d021c34b-07cb-4fcc-815b-168486587584,614187e2-3e7f-40f3-8880-0869c5a5ebeb,2026-10-07T05:58:15.491933Z,complete,terminal,,F derived from result binding a1a0cbb3560a1d57abc869d3ae9776b23f5cea2f0b129b7461d30dcc4720e5f6,observed,F,1,text,sealed,finished,M7 exact derivation,observed,diagnoses,0,M7 exact derivation,observed,lines,48,1,0,M7 exact derivation,observed,diagnoses_per_100_lines,0,True,mixed: explicit per observation
M7-analysis-v5,f9faff59-3259-5804-8713-ca7f4006c343,2,b95c5ae5c06c3b41a61878e005cec91f332ca88d67a8ea64b1ab14aea3f9bf43,E-P0R0,9992b253f08c976bf150bcd89ccfc9db54f8a1fda58ea3f4fad386b27c7c4138,c06be457-9745-422d-9d69-c0fa9cd7e0d5,dbb63e68d4ed9e904fa985aa5b88d674205b6caab086a8d981ac8918a9c68fb5,"[""4afc763c-033e-501c-9c9c-453207d31e62"",""1fed9611-d0cc-51e5-86e7-4ba237c836a2"",""0e4d4039-5409-5be7-a300-ded85e9c22d7"",""1c4afc6f-6679-57b7-ab6b-cec3053e85a1"",""76216ff6-0dab-5f43-913f-741c2deb7596"",""fe7c5fea-171a-5d3e-b93c-b9d53dca7c67"",""784c942d-b222-5013-a2e4-de4aa477a143"",""2f2d84f4-6f41-5df7-a828-cc0a3d9cdddf"",""c68f6332-f200-5595-940d-e5bcad78f1fe"",""54c3aba8-cb42-5023-9591-5cdd68bdd7c5"",""b9ac296e-4c6c-5cdc-9e03-14868c124af2"",""022ddff9-4332-5ba5-b884-42537f220a0c"",""0d262496-18e1-5973-84a6-84fbda64d0ff"",""447860c8-1d56-518b-88ad-7e103990b756"",""616ecfda-7163-5a8d-ba60-01f623d8b124"",""656bacfc-b102-5379-8db2-2f9f127621e0"",""88f2e658-6155-5924-bc85-63fe2aabb08a"",""9f032fb3-90ca-5749-aff5-1065077ac10e"",""4d2e4005-a84b-525b-a492-d367c5e405d0"",""12b20e20-e117-5c00-83bc-e589b92b730e"",""e97a5398-37b9-5e89-91a9-9b3ae48d9534"",""7a8f92c5-5f85-593a-bf90-08e13c60a2e6"",""aa66f5e3-ac0e-57d6-9b69-aa54ea7c4fb9"",""d07b7490-853e-562b-b662-305e89e7718d"",""596c0800-372d-5056-8a35-9f8661656bf4"",""d08816e6-d4d6-5f35-9de3-d86528fa7a96"",""2e126757-f17e-5ee2-93db-94d31ed944b2"",""5e1af4e2-330f-563f-b639-2d3cd8d276c8"",""49cd1889-2a56-5913-8723-929335f68874"",""82b898ba-3b6d-567f-8996-4f259b74547e"",""d38eb7d2-e78b-5c2f-93e4-2e34846e80e6"",""33effc64-dcfe-5ced-badf-c4df49f68dc1"",""a3a03b99-34c0-504b-b529-32b798db318a"",""8b3ec7b0-123f-5597-95f7-1fafc5810d01"",""035c5442-19b8-5a84-8a59-b352a9660279"",""d6d45010-72fa-5741-b733-88958a8795d2"",""ab8215e5-b753-5a6a-a4e7-ad9caf42eeac"",""1b20061c-b208-551a-b06c-81ffeff623fc"",""9b6d0913-2ae6-5dab-ab36-d05e1c51b208"",""a27c1fb2-edc1-57e6-9d74-adb5a13fed3b"",""4696448b-8c21-591b-80cc-7344ea0b95ec"",""c1d75a33-928c-5636-b99c-def1fb29e0f5"",""61eebfb6-2555-5bce-ba71-7a750427392a"",""aba074a1-d451-595d-bc12-e257adbe7383"",""1ca34094-ee4d-5962-a78a-174d361a9cd3"",""7edb0577-da07-5c6f-8391-bb90e9822165"",""d7c5d484-54dc-5d1e-a3ac-65d60267a12c"",""f416cc8b-3bc2-5c4c-a91c-c56faf748684""]",1,1,M7 exact derivation,observed,ratio,1,M7 exact derivation,observed,binary,1,M7 exact derivation,observed,binary,1,M7 exact derivation,observed,binary,1,M7 exact derivation,observed,binary,1,M7 exact derivation,observed,binary,1,M7 exact derivation,observed,binary,1,M7 exact derivation,observed,binary,1,,M6-evaluator-v1,observed,binary,1,decimal,,Menschliche lokale Selbstauskunft,observed,binary,1,decimal,,Menschliche lokale Selbstauskunft,observed,binary,1,decimal,,Menschliche lokale Selbstauskunft,observed,binary,1,decimal,,M6-evaluator-v1,observed,binary,1,decimal,M7 exact derivation,observed,binary,1,12b20e20-e117-5c00-83bc-e589b92b730e,True,,20,Not collected,not_collected,s,,3,Not collected,not_collected,s,,0.057887025,USD,0.057887025,known,Not collected,not_collected,s,,Not collected,not_collected,s,,Not collected,not_collected,s,,Not collected,not_collected,s,,,75ab8864-f4d3-42df-9794-8386368c9509,observed,s,0,decimal,,75ab8864-f4d3-42df-9794-8386368c9509,observed,s,0,decimal,,75ab8864-f4d3-42df-9794-8386368c9509,observed,s,216.725332474,decimal,0,Not collected,not_collected,s,,Not collected,not_collected,s,,"[""cc01f568-6778-431b-9346-05ee95f89d30"",""5d1ee60d-c37f-4d04-8a61-0279c6b4fd7c"",""45eda374-2102-48c0-8bf7-beae7824ba5b""]",0,complete,tokens,"[""cc01f568-6778-431b-9346-05ee95f89d30"",""5d1ee60d-c37f-4d04-8a61-0279c6b4fd7c"",""45eda374-2102-48c0-8bf7-beae7824ba5b""]",0,"[""cc01f568-6778-431b-9346-05ee95f89d30"",""5d1ee60d-c37f-4d04-8a61-0279c6b4fd7c"",""45eda374-2102-48c0-8bf7-beae7824ba5b""]",417297,complete,tokens,"[""cc01f568-6778-431b-9346-05ee95f89d30"",""5d1ee60d-c37f-4d04-8a61-0279c6b4fd7c"",""45eda374-2102-48c0-8bf7-beae7824ba5b""]",417297,"[""cc01f568-6778-431b-9346-05ee95f89d30"",""5d1ee60d-c37f-4d04-8a61-0279c6b4fd7c"",""45eda374-2102-48c0-8bf7-beae7824ba5b""]",417306,complete,tokens,"[""cc01f568-6778-431b-9346-05ee95f89d30"",""5d1ee60d-c37f-4d04-8a61-0279c6b4fd7c"",""45eda374-2102-48c0-8bf7-beae7824ba5b""]",417306,"[""cc01f568-6778-431b-9346-05ee95f89d30"",""5d1ee60d-c37f-4d04-8a61-0279c6b4fd7c"",""45eda374-2102-48c0-8bf7-beae7824ba5b""]",,missing,tokens,[],,"[""cc01f568-6778-431b-9346-05ee95f89d30"",""5d1ee60d-c37f-4d04-8a61-0279c6b4fd7c"",""45eda374-2102-48c0-8bf7-beae7824ba5b""]",11448,complete,tokens,"[""cc01f568-6778-431b-9346-05ee95f89d30"",""5d1ee60d-c37f-4d04-8a61-0279c6b4fd7c"",""45eda374-2102-48c0-8bf7-beae7824ba5b""]",11448,"[""cc01f568-6778-431b-9346-05ee95f89d30"",""5d1ee60d-c37f-4d04-8a61-0279c6b4fd7c"",""45eda374-2102-48c0-8bf7-beae7824ba5b""]",5616,complete,tokens,"[""cc01f568-6778-431b-9346-05ee95f89d30"",""5d1ee60d-c37f-4d04-8a61-0279c6b4fd7c"",""45eda374-2102-48c0-8bf7-beae7824ba5b""]",5616,"[""cc01f568-6778-431b-9346-05ee95f89d30"",""5d1ee60d-c37f-4d04-8a61-0279c6b4fd7c"",""45eda374-2102-48c0-8bf7-beae7824ba5b""]",428754,complete,tokens,"[""cc01f568-6778-431b-9346-05ee95f89d30"",""5d1ee60d-c37f-4d04-8a61-0279c6b4fd7c"",""45eda374-2102-48c0-8bf7-beae7824ba5b""]",428754,,75ab8864-f4d3-42df-9794-8386368c9509,observed,s,216.725332474,decimal,3,5170b1cc-8fc1-4873-9454-26daec9157db,16289b50-372e-4b44-80e3-bbe783bc51bd,2026-10-07T06:15:23.116972Z,complete,terminal,,F derived from result binding 7b8f977250178395414fac79ccb3a1dfde3d9b6ba059fbfffa4bcb6942df16c9,observed,F,1,text,sealed,finished,M7 exact derivation,observed,diagnoses,0,M7 exact derivation,observed,lines,40,1,0,M7 exact derivation,observed,diagnoses_per_100_lines,0,True,mixed: explicit per observation
M7-analysis-v5,f9faff59-3259-5804-8713-ca7f4006c343,2,30c1abb1b39a58430186f9d9c81a325dfe23c5d98a16b28399bbf49d47ccf324,E-BB,b26081b6041d83b27d357511d1cbaa4be007a74fd351a784a31834412284db93,26c9e1ce-c552-46f9-9d50-4cc6179591a3,dbb63e68d4ed9e904fa985aa5b88d674205b6caab086a8d981ac8918a9c68fb5,"[""4afc763c-033e-501c-9c9c-453207d31e62"",""1fed9611-d0cc-51e5-86e7-4ba237c836a2"",""0e4d4039-5409-5be7-a300-ded85e9c22d7"",""1c4afc6f-6679-57b7-ab6b-cec3053e85a1"",""76216ff6-0dab-5f43-913f-741c2deb7596"",""fe7c5fea-171a-5d3e-b93c-b9d53dca7c67"",""784c942d-b222-5013-a2e4-de4aa477a143"",""2f2d84f4-6f41-5df7-a828-cc0a3d9cdddf"",""c68f6332-f200-5595-940d-e5bcad78f1fe"",""54c3aba8-cb42-5023-9591-5cdd68bdd7c5"",""b9ac296e-4c6c-5cdc-9e03-14868c124af2"",""022ddff9-4332-5ba5-b884-42537f220a0c"",""0d262496-18e1-5973-84a6-84fbda64d0ff"",""447860c8-1d56-518b-88ad-7e103990b756"",""616ecfda-7163-5a8d-ba60-01f623d8b124"",""656bacfc-b102-5379-8db2-2f9f127621e0"",""88f2e658-6155-5924-bc85-63fe2aabb08a"",""9f032fb3-90ca-5749-aff5-1065077ac10e"",""4d2e4005-a84b-525b-a492-d367c5e405d0"",""12b20e20-e117-5c00-83bc-e589b92b730e"",""e97a5398-37b9-5e89-91a9-9b3ae48d9534"",""7a8f92c5-5f85-593a-bf90-08e13c60a2e6"",""aa66f5e3-ac0e-57d6-9b69-aa54ea7c4fb9"",""d07b7490-853e-562b-b662-305e89e7718d"",""596c0800-372d-5056-8a35-9f8661656bf4"",""d08816e6-d4d6-5f35-9de3-d86528fa7a96"",""2e126757-f17e-5ee2-93db-94d31ed944b2"",""5e1af4e2-330f-563f-b639-2d3cd8d276c8"",""49cd1889-2a56-5913-8723-929335f68874"",""82b898ba-3b6d-567f-8996-4f259b74547e"",""d38eb7d2-e78b-5c2f-93e4-2e34846e80e6"",""33effc64-dcfe-5ced-badf-c4df49f68dc1"",""a3a03b99-34c0-504b-b529-32b798db318a"",""8b3ec7b0-123f-5597-95f7-1fafc5810d01"",""035c5442-19b8-5a84-8a59-b352a9660279"",""d6d45010-72fa-5741-b733-88958a8795d2"",""ab8215e5-b753-5a6a-a4e7-ad9caf42eeac"",""1b20061c-b208-551a-b06c-81ffeff623fc"",""9b6d0913-2ae6-5dab-ab36-d05e1c51b208"",""a27c1fb2-edc1-57e6-9d74-adb5a13fed3b"",""4696448b-8c21-591b-80cc-7344ea0b95ec"",""c1d75a33-928c-5636-b99c-def1fb29e0f5"",""61eebfb6-2555-5bce-ba71-7a750427392a"",""aba074a1-d451-595d-bc12-e257adbe7383"",""1ca34094-ee4d-5962-a78a-174d361a9cd3"",""7edb0577-da07-5c6f-8391-bb90e9822165"",""d7c5d484-54dc-5d1e-a3ac-65d60267a12c"",""f416cc8b-3bc2-5c4c-a91c-c56faf748684""]",1,1,M7 exact derivation,observed,ratio,1,M7 exact derivation,observed,binary,1,M7 exact derivation,observed,binary,1,M7 exact derivation,observed,binary,1,M7 exact derivation,observed,binary,1,M7 exact derivation,observed,binary,1,M7 exact derivation,observed,binary,1,M7 exact derivation,observed,binary,1,,M6-evaluator-v1,observed,binary,1,decimal,,Menschliche lokale Selbstauskunft,observed,binary,1,decimal,,Menschliche lokale Selbstauskunft,observed,binary,1,decimal,,Menschliche lokale Selbstauskunft,observed,binary,1,decimal,,M6-evaluator-v1,observed,binary,1,decimal,M7 exact derivation,observed,binary,1,e97a5398-37b9-5e89-91a9-9b3ae48d9534,True,,21,Not collected,not_collected,s,,6,Not collected,not_collected,s,,0.16031848,USD,0.16031848,known,Not collected,not_collected,s,,Not collected,not_collected,s,,Not collected,not_collected,s,,Not collected,not_collected,s,,,0715f299-62c4-4c7a-b744-9e98170145ed,observed,s,0,decimal,,0715f299-62c4-4c7a-b744-9e98170145ed,observed,s,0,decimal,,0715f299-62c4-4c7a-b744-9e98170145ed,observed,s,1057.936796900,decimal,1,Not collected,not_collected,s,,Not collected,not_collected,s,,"[""3946985a-f901-4f97-9db6-afe6d7c5beb0"",""0ea88b6c-2d8f-4161-8550-610eefd91b9e"",""f2db2bbe-1c00-4d67-8f04-b4b72eb12a35"",""a757ad47-cab6-4058-a826-a77056a90a01"",""c3f26638-0d51-479d-899d-b8f193cb963d"",""17962234-8b8f-4cc3-94d5-3e31e01cea72""]",0,complete,tokens,"[""3946985a-f901-4f97-9db6-afe6d7c5beb0"",""0ea88b6c-2d8f-4161-8550-610eefd91b9e"",""f2db2bbe-1c00-4d67-8f04-b4b72eb12a35"",""a757ad47-cab6-4058-a826-a77056a90a01"",""c3f26638-0d51-479d-899d-b8f193cb963d"",""17962234-8b8f-4cc3-94d5-3e31e01cea72""]",0,"[""3946985a-f901-4f97-9db6-afe6d7c5beb0"",""0ea88b6c-2d8f-4161-8550-610eefd91b9e"",""f2db2bbe-1c00-4d67-8f04-b4b72eb12a35"",""a757ad47-cab6-4058-a826-a77056a90a01"",""c3f26638-0d51-479d-899d-b8f193cb963d"",""17962234-8b8f-4cc3-94d5-3e31e01cea72""]",0,complete,tokens,"[""3946985a-f901-4f97-9db6-afe6d7c5beb0"",""0ea88b6c-2d8f-4161-8550-610eefd91b9e"",""f2db2bbe-1c00-4d67-8f04-b4b72eb12a35"",""a757ad47-cab6-4058-a826-a77056a90a01"",""c3f26638-0d51-479d-899d-b8f193cb963d"",""17962234-8b8f-4cc3-94d5-3e31e01cea72""]",0,"[""3946985a-f901-4f97-9db6-afe6d7c5beb0"",""0ea88b6c-2d8f-4161-8550-610eefd91b9e"",""f2db2bbe-1c00-4d67-8f04-b4b72eb12a35"",""a757ad47-cab6-4058-a826-a77056a90a01"",""c3f26638-0d51-479d-899d-b8f193cb963d"",""17962234-8b8f-4cc3-94d5-3e31e01cea72""]",891344,complete,tokens,"[""3946985a-f901-4f97-9db6-afe6d7c5beb0"",""0ea88b6c-2d8f-4161-8550-610eefd91b9e"",""f2db2bbe-1c00-4d67-8f04-b4b72eb12a35"",""a757ad47-cab6-4058-a826-a77056a90a01"",""c3f26638-0d51-479d-899d-b8f193cb963d"",""17962234-8b8f-4cc3-94d5-3e31e01cea72""]",891344,"[""3946985a-f901-4f97-9db6-afe6d7c5beb0"",""0ea88b6c-2d8f-4161-8550-610eefd91b9e"",""f2db2bbe-1c00-4d67-8f04-b4b72eb12a35"",""a757ad47-cab6-4058-a826-a77056a90a01"",""c3f26638-0d51-479d-899d-b8f193cb963d"",""17962234-8b8f-4cc3-94d5-3e31e01cea72""]",,missing,tokens,[],,"[""3946985a-f901-4f97-9db6-afe6d7c5beb0"",""0ea88b6c-2d8f-4161-8550-610eefd91b9e"",""f2db2bbe-1c00-4d67-8f04-b4b72eb12a35"",""a757ad47-cab6-4058-a826-a77056a90a01"",""c3f26638-0d51-479d-899d-b8f193cb963d"",""17962234-8b8f-4cc3-94d5-3e31e01cea72""]",84596,complete,tokens,"[""3946985a-f901-4f97-9db6-afe6d7c5beb0"",""0ea88b6c-2d8f-4161-8550-610eefd91b9e"",""f2db2bbe-1c00-4d67-8f04-b4b72eb12a35"",""a757ad47-cab6-4058-a826-a77056a90a01"",""c3f26638-0d51-479d-899d-b8f193cb963d"",""17962234-8b8f-4cc3-94d5-3e31e01cea72""]",84596,"[""3946985a-f901-4f97-9db6-afe6d7c5beb0"",""0ea88b6c-2d8f-4161-8550-610eefd91b9e"",""f2db2bbe-1c00-4d67-8f04-b4b72eb12a35"",""a757ad47-cab6-4058-a826-a77056a90a01"",""c3f26638-0d51-479d-899d-b8f193cb963d"",""17962234-8b8f-4cc3-94d5-3e31e01cea72""]",76680,complete,tokens,"[""3946985a-f901-4f97-9db6-afe6d7c5beb0"",""0ea88b6c-2d8f-4161-8550-610eefd91b9e"",""f2db2bbe-1c00-4d67-8f04-b4b72eb12a35"",""a757ad47-cab6-4058-a826-a77056a90a01"",""c3f26638-0d51-479d-899d-b8f193cb963d"",""17962234-8b8f-4cc3-94d5-3e31e01cea72""]",76680,"[""3946985a-f901-4f97-9db6-afe6d7c5beb0"",""0ea88b6c-2d8f-4161-8550-610eefd91b9e"",""f2db2bbe-1c00-4d67-8f04-b4b72eb12a35"",""a757ad47-cab6-4058-a826-a77056a90a01"",""c3f26638-0d51-479d-899d-b8f193cb963d"",""17962234-8b8f-4cc3-94d5-3e31e01cea72""]",975940,complete,tokens,"[""3946985a-f901-4f97-9db6-afe6d7c5beb0"",""0ea88b6c-2d8f-4161-8550-610eefd91b9e"",""f2db2bbe-1c00-4d67-8f04-b4b72eb12a35"",""a757ad47-cab6-4058-a826-a77056a90a01"",""c3f26638-0d51-479d-899d-b8f193cb963d"",""17962234-8b8f-4cc3-94d5-3e31e01cea72""]",975940,,0715f299-62c4-4c7a-b744-9e98170145ed,observed,s,1057.936796900,decimal,6,153aa1fb-14af-4083-8e7d-bbf3a354f6c8,ce592711-145f-47e3-aa8c-87a3d9a4a67d,2026-10-07T06:41:54.869311Z,complete,terminal,,F derived from result binding 860b293db4c5e68a7a9981588841cf203c80414d69e5b0df1da14c0f32a5a5e0,observed,F,1,text,sealed,content_failure,M7 exact derivation,observed,diagnoses,2,M7 exact derivation,observed,lines,55,11,40,M7 exact derivation,observed,diagnoses_per_100_lines,40/11,True,mixed: explicit per observation
M7-analysis-v5,f9faff59-3259-5804-8713-ca7f4006c343,2,21ae5c3492ae2e2728ae4ac44bb70bc49228dd01286f72e2fe1633425edaffd6,E-P0R1,672365878648f984edbe331765fbaca28450124b7e3695518e4c97c917409fb1,42edf356-9e72-44ce-9889-267b2eb71de0,dbb63e68d4ed9e904fa985aa5b88d674205b6caab086a8d981ac8918a9c68fb5,"[""4afc763c-033e-501c-9c9c-453207d31e62"",""1fed9611-d0cc-51e5-86e7-4ba237c836a2"",""0e4d4039-5409-5be7-a300-ded85e9c22d7"",""1c4afc6f-6679-57b7-ab6b-cec3053e85a1"",""76216ff6-0dab-5f43-913f-741c2deb7596"",""fe7c5fea-171a-5d3e-b93c-b9d53dca7c67"",""784c942d-b222-5013-a2e4-de4aa477a143"",""2f2d84f4-6f41-5df7-a828-cc0a3d9cdddf"",""c68f6332-f200-5595-940d-e5bcad78f1fe"",""54c3aba8-cb42-5023-9591-5cdd68bdd7c5"",""b9ac296e-4c6c-5cdc-9e03-14868c124af2"",""022ddff9-4332-5ba5-b884-42537f220a0c"",""0d262496-18e1-5973-84a6-84fbda64d0ff"",""447860c8-1d56-518b-88ad-7e103990b756"",""616ecfda-7163-5a8d-ba60-01f623d8b124"",""656bacfc-b102-5379-8db2-2f9f127621e0"",""88f2e658-6155-5924-bc85-63fe2aabb08a"",""9f032fb3-90ca-5749-aff5-1065077ac10e"",""4d2e4005-a84b-525b-a492-d367c5e405d0"",""12b20e20-e117-5c00-83bc-e589b92b730e"",""e97a5398-37b9-5e89-91a9-9b3ae48d9534"",""7a8f92c5-5f85-593a-bf90-08e13c60a2e6"",""aa66f5e3-ac0e-57d6-9b69-aa54ea7c4fb9"",""d07b7490-853e-562b-b662-305e89e7718d"",""596c0800-372d-5056-8a35-9f8661656bf4"",""d08816e6-d4d6-5f35-9de3-d86528fa7a96"",""2e126757-f17e-5ee2-93db-94d31ed944b2"",""5e1af4e2-330f-563f-b639-2d3cd8d276c8"",""49cd1889-2a56-5913-8723-929335f68874"",""82b898ba-3b6d-567f-8996-4f259b74547e"",""d38eb7d2-e78b-5c2f-93e4-2e34846e80e6"",""33effc64-dcfe-5ced-badf-c4df49f68dc1"",""a3a03b99-34c0-504b-b529-32b798db318a"",""8b3ec7b0-123f-5597-95f7-1fafc5810d01"",""035c5442-19b8-5a84-8a59-b352a9660279"",""d6d45010-72fa-5741-b733-88958a8795d2"",""ab8215e5-b753-5a6a-a4e7-ad9caf42eeac"",""1b20061c-b208-551a-b06c-81ffeff623fc"",""9b6d0913-2ae6-5dab-ab36-d05e1c51b208"",""a27c1fb2-edc1-57e6-9d74-adb5a13fed3b"",""4696448b-8c21-591b-80cc-7344ea0b95ec"",""c1d75a33-928c-5636-b99c-def1fb29e0f5"",""61eebfb6-2555-5bce-ba71-7a750427392a"",""aba074a1-d451-595d-bc12-e257adbe7383"",""1ca34094-ee4d-5962-a78a-174d361a9cd3"",""7edb0577-da07-5c6f-8391-bb90e9822165"",""d7c5d484-54dc-5d1e-a3ac-65d60267a12c"",""f416cc8b-3bc2-5c4c-a91c-c56faf748684""]",1,1,M7 exact derivation,observed,ratio,1,M7 exact derivation,observed,binary,1,M7 exact derivation,observed,binary,1,M7 exact derivation,observed,binary,1,M7 exact derivation,observed,binary,1,M7 exact derivation,observed,binary,1,M7 exact derivation,observed,binary,1,M7 exact derivation,observed,binary,1,,M6-evaluator-v1,observed,binary,1,decimal,,Menschliche lokale Selbstauskunft,observed,binary,1,decimal,,Menschliche lokale Selbstauskunft,observed,binary,1,decimal,,Menschliche lokale Selbstauskunft,observed,binary,1,decimal,,M6-evaluator-v1,observed,binary,1,decimal,M7 exact derivation,observed,binary,1,7a8f92c5-5f85-593a-bf90-08e13c60a2e6,True,,22,Not collected,not_collected,s,,5,Not collected,not_collected,s,,0.094607250,USD,0.094607250,known,Not collected,not_collected,s,,Not collected,not_collected,s,,Not collected,not_collected,s,,Not collected,not_collected,s,,,65a9e180-6419-45b4-9f91-0a5c8e3451d5,observed,s,0,decimal,,65a9e180-6419-45b4-9f91-0a5c8e3451d5,observed,s,0,decimal,,65a9e180-6419-45b4-9f91-0a5c8e3451d5,observed,s,294.720702051,decimal,1,Not collected,not_collected,s,,Not collected,not_collected,s,,"[""e42f9fd0-fce9-45ab-b097-96aeb35f91d5"",""320f9066-f1c6-45fc-9f54-249d6ff3af95"",""79dce0c4-abf8-48de-9a63-a00416af5847"",""beb31845-a1a2-4f26-85c5-1d73e290d331"",""ccc7fb32-dc52-4d75-818a-61ce07ee4d7a""]",0,complete,tokens,"[""e42f9fd0-fce9-45ab-b097-96aeb35f91d5"",""320f9066-f1c6-45fc-9f54-249d6ff3af95"",""79dce0c4-abf8-48de-9a63-a00416af5847"",""beb31845-a1a2-4f26-85c5-1d73e290d331"",""ccc7fb32-dc52-4d75-818a-61ce07ee4d7a""]",0,"[""e42f9fd0-fce9-45ab-b097-96aeb35f91d5"",""320f9066-f1c6-45fc-9f54-249d6ff3af95"",""79dce0c4-abf8-48de-9a63-a00416af5847"",""beb31845-a1a2-4f26-85c5-1d73e290d331"",""ccc7fb32-dc52-4d75-818a-61ce07ee4d7a""]",713898,complete,tokens,"[""e42f9fd0-fce9-45ab-b097-96aeb35f91d5"",""320f9066-f1c6-45fc-9f54-249d6ff3af95"",""79dce0c4-abf8-48de-9a63-a00416af5847"",""beb31845-a1a2-4f26-85c5-1d73e290d331"",""ccc7fb32-dc52-4d75-818a-61ce07ee4d7a""]",713898,"[""e42f9fd0-fce9-45ab-b097-96aeb35f91d5"",""320f9066-f1c6-45fc-9f54-249d6ff3af95"",""79dce0c4-abf8-48de-9a63-a00416af5847"",""beb31845-a1a2-4f26-85c5-1d73e290d331"",""ccc7fb32-dc52-4d75-818a-61ce07ee4d7a""]",713913,complete,tokens,"[""e42f9fd0-fce9-45ab-b097-96aeb35f91d5"",""320f9066-f1c6-45fc-9f54-249d6ff3af95"",""79dce0c4-abf8-48de-9a63-a00416af5847"",""beb31845-a1a2-4f26-85c5-1d73e290d331"",""ccc7fb32-dc52-4d75-818a-61ce07ee4d7a""]",713913,"[""e42f9fd0-fce9-45ab-b097-96aeb35f91d5"",""320f9066-f1c6-45fc-9f54-249d6ff3af95"",""79dce0c4-abf8-48de-9a63-a00416af5847"",""beb31845-a1a2-4f26-85c5-1d73e290d331"",""ccc7fb32-dc52-4d75-818a-61ce07ee4d7a""]",,missing,tokens,[],,"[""e42f9fd0-fce9-45ab-b097-96aeb35f91d5"",""320f9066-f1c6-45fc-9f54-249d6ff3af95"",""79dce0c4-abf8-48de-9a63-a00416af5847"",""beb31845-a1a2-4f26-85c5-1d73e290d331"",""ccc7fb32-dc52-4d75-818a-61ce07ee4d7a""]",10737,complete,tokens,"[""e42f9fd0-fce9-45ab-b097-96aeb35f91d5"",""320f9066-f1c6-45fc-9f54-249d6ff3af95"",""79dce0c4-abf8-48de-9a63-a00416af5847"",""beb31845-a1a2-4f26-85c5-1d73e290d331"",""ccc7fb32-dc52-4d75-818a-61ce07ee4d7a""]",10737,"[""e42f9fd0-fce9-45ab-b097-96aeb35f91d5"",""320f9066-f1c6-45fc-9f54-249d6ff3af95"",""79dce0c4-abf8-48de-9a63-a00416af5847"",""beb31845-a1a2-4f26-85c5-1d73e290d331"",""ccc7fb32-dc52-4d75-818a-61ce07ee4d7a""]",5052,complete,tokens,"[""e42f9fd0-fce9-45ab-b097-96aeb35f91d5"",""320f9066-f1c6-45fc-9f54-249d6ff3af95"",""79dce0c4-abf8-48de-9a63-a00416af5847"",""beb31845-a1a2-4f26-85c5-1d73e290d331"",""ccc7fb32-dc52-4d75-818a-61ce07ee4d7a""]",5052,"[""e42f9fd0-fce9-45ab-b097-96aeb35f91d5"",""320f9066-f1c6-45fc-9f54-249d6ff3af95"",""79dce0c4-abf8-48de-9a63-a00416af5847"",""beb31845-a1a2-4f26-85c5-1d73e290d331"",""ccc7fb32-dc52-4d75-818a-61ce07ee4d7a""]",724650,complete,tokens,"[""e42f9fd0-fce9-45ab-b097-96aeb35f91d5"",""320f9066-f1c6-45fc-9f54-249d6ff3af95"",""79dce0c4-abf8-48de-9a63-a00416af5847"",""beb31845-a1a2-4f26-85c5-1d73e290d331"",""ccc7fb32-dc52-4d75-818a-61ce07ee4d7a""]",724650,,65a9e180-6419-45b4-9f91-0a5c8e3451d5,observed,s,294.720702051,decimal,5,4f854e4e-2f65-40b5-aee3-945c93c516df,70650ae1-f7f7-445c-afce-59ec257b3514,2026-10-07T06:56:25.301496Z,complete,terminal,,F derived from result binding 20b6a339880a2451e79887364a6d7c8bc03f003b63d7f73ce80564f9c77f6b79,observed,F,1,text,sealed,content_failure,M7 exact derivation,observed,diagnoses,0,M7 exact derivation,observed,lines,43,1,0,M7 exact derivation,observed,diagnoses_per_100_lines,0,True,mixed: explicit per observation
M7-analysis-v5,f9faff59-3259-5804-8713-ca7f4006c343,2,689ba53542ae9dfc85b71c6f87b5b35519c0726d569ce67be8c8eadd4eb15b3b,E-AB,e1ea2ccf80fbb81f94b29b70bdd06508e2b9419500b1ca0ecfd5317a4540e358,37d46947-813a-4296-a328-81c505b1dba7,dbb63e68d4ed9e904fa985aa5b88d674205b6caab086a8d981ac8918a9c68fb5,"[""4afc763c-033e-501c-9c9c-453207d31e62"",""1fed9611-d0cc-51e5-86e7-4ba237c836a2"",""0e4d4039-5409-5be7-a300-ded85e9c22d7"",""1c4afc6f-6679-57b7-ab6b-cec3053e85a1"",""76216ff6-0dab-5f43-913f-741c2deb7596"",""fe7c5fea-171a-5d3e-b93c-b9d53dca7c67"",""784c942d-b222-5013-a2e4-de4aa477a143"",""2f2d84f4-6f41-5df7-a828-cc0a3d9cdddf"",""c68f6332-f200-5595-940d-e5bcad78f1fe"",""54c3aba8-cb42-5023-9591-5cdd68bdd7c5"",""b9ac296e-4c6c-5cdc-9e03-14868c124af2"",""022ddff9-4332-5ba5-b884-42537f220a0c"",""0d262496-18e1-5973-84a6-84fbda64d0ff"",""447860c8-1d56-518b-88ad-7e103990b756"",""616ecfda-7163-5a8d-ba60-01f623d8b124"",""656bacfc-b102-5379-8db2-2f9f127621e0"",""88f2e658-6155-5924-bc85-63fe2aabb08a"",""9f032fb3-90ca-5749-aff5-1065077ac10e"",""4d2e4005-a84b-525b-a492-d367c5e405d0"",""12b20e20-e117-5c00-83bc-e589b92b730e"",""e97a5398-37b9-5e89-91a9-9b3ae48d9534"",""7a8f92c5-5f85-593a-bf90-08e13c60a2e6"",""aa66f5e3-ac0e-57d6-9b69-aa54ea7c4fb9"",""d07b7490-853e-562b-b662-305e89e7718d"",""596c0800-372d-5056-8a35-9f8661656bf4"",""d08816e6-d4d6-5f35-9de3-d86528fa7a96"",""2e126757-f17e-5ee2-93db-94d31ed944b2"",""5e1af4e2-330f-563f-b639-2d3cd8d276c8"",""49cd1889-2a56-5913-8723-929335f68874"",""82b898ba-3b6d-567f-8996-4f259b74547e"",""d38eb7d2-e78b-5c2f-93e4-2e34846e80e6"",""33effc64-dcfe-5ced-badf-c4df49f68dc1"",""a3a03b99-34c0-504b-b529-32b798db318a"",""8b3ec7b0-123f-5597-95f7-1fafc5810d01"",""035c5442-19b8-5a84-8a59-b352a9660279"",""d6d45010-72fa-5741-b733-88958a8795d2"",""ab8215e5-b753-5a6a-a4e7-ad9caf42eeac"",""1b20061c-b208-551a-b06c-81ffeff623fc"",""9b6d0913-2ae6-5dab-ab36-d05e1c51b208"",""a27c1fb2-edc1-57e6-9d74-adb5a13fed3b"",""4696448b-8c21-591b-80cc-7344ea0b95ec"",""c1d75a33-928c-5636-b99c-def1fb29e0f5"",""61eebfb6-2555-5bce-ba71-7a750427392a"",""aba074a1-d451-595d-bc12-e257adbe7383"",""1ca34094-ee4d-5962-a78a-174d361a9cd3"",""7edb0577-da07-5c6f-8391-bb90e9822165"",""d7c5d484-54dc-5d1e-a3ac-65d60267a12c"",""f416cc8b-3bc2-5c4c-a91c-c56faf748684""]",1,1,M7 exact derivation,observed,ratio,1,M7 exact derivation,observed,binary,1,M7 exact derivation,observed,binary,1,M7 exact derivation,observed,binary,1,M7 exact derivation,observed,binary,1,M7 exact derivation,observed,binary,1,M7 exact derivation,observed,binary,1,M7 exact derivation,observed,binary,1,,M6-evaluator-v1,observed,binary,1,decimal,,Menschliche lokale Selbstauskunft,observed,binary,1,decimal,,Menschliche lokale Selbstauskunft,observed,binary,1,decimal,,Menschliche lokale Selbstauskunft,observed,binary,1,decimal,,M6-evaluator-v1,observed,binary,1,decimal,M7 exact derivation,observed,binary,1,aa66f5e3-ac0e-57d6-9b69-aa54ea7c4fb9,True,,23,Not collected,not_collected,s,,6,Not collected,not_collected,s,,0.129861445,USD,0.129861445,known,Not collected,not_collected,s,,Not collected,not_collected,s,,Not collected,not_collected,s,,Not collected,not_collected,s,,,4079df00-4290-4036-9b2c-f23318d6a3a3,observed,s,0,decimal,,4079df00-4290-4036-9b2c-f23318d6a3a3,observed,s,0,decimal,,4079df00-4290-4036-9b2c-f23318d6a3a3,observed,s,582.747242516,decimal,1,Not collected,not_collected,s,,Not collected,not_collected,s,,"[""ba007444-040f-4d88-b7dd-403c180b9db7"",""30adb4cc-0be7-47d9-a659-9e2c49c7a460"",""7b3bc09f-8b50-462a-ba9a-5be320d25e79"",""adb1265e-1c25-4ad4-82de-878c26ba4665"",""dba6eba9-0432-4bfa-afbd-3a09f3cd4689"",""26f1e2d6-81d6-4180-a8ed-4a6f90b93624""]",0,complete,tokens,"[""ba007444-040f-4d88-b7dd-403c180b9db7"",""30adb4cc-0be7-47d9-a659-9e2c49c7a460"",""7b3bc09f-8b50-462a-ba9a-5be320d25e79"",""adb1265e-1c25-4ad4-82de-878c26ba4665"",""dba6eba9-0432-4bfa-afbd-3a09f3cd4689"",""26f1e2d6-81d6-4180-a8ed-4a6f90b93624""]",0,"[""ba007444-040f-4d88-b7dd-403c180b9db7"",""30adb4cc-0be7-47d9-a659-9e2c49c7a460"",""7b3bc09f-8b50-462a-ba9a-5be320d25e79"",""adb1265e-1c25-4ad4-82de-878c26ba4665"",""dba6eba9-0432-4bfa-afbd-3a09f3cd4689"",""26f1e2d6-81d6-4180-a8ed-4a6f90b93624""]",573653,complete,tokens,"[""ba007444-040f-4d88-b7dd-403c180b9db7"",""30adb4cc-0be7-47d9-a659-9e2c49c7a460"",""7b3bc09f-8b50-462a-ba9a-5be320d25e79"",""adb1265e-1c25-4ad4-82de-878c26ba4665"",""dba6eba9-0432-4bfa-afbd-3a09f3cd4689"",""26f1e2d6-81d6-4180-a8ed-4a6f90b93624""]",573653,"[""ba007444-040f-4d88-b7dd-403c180b9db7"",""30adb4cc-0be7-47d9-a659-9e2c49c7a460"",""7b3bc09f-8b50-462a-ba9a-5be320d25e79"",""adb1265e-1c25-4ad4-82de-878c26ba4665"",""dba6eba9-0432-4bfa-afbd-3a09f3cd4689"",""26f1e2d6-81d6-4180-a8ed-4a6f90b93624""]",884091,complete,tokens,"[""ba007444-040f-4d88-b7dd-403c180b9db7"",""30adb4cc-0be7-47d9-a659-9e2c49c7a460"",""7b3bc09f-8b50-462a-ba9a-5be320d25e79"",""adb1265e-1c25-4ad4-82de-878c26ba4665"",""dba6eba9-0432-4bfa-afbd-3a09f3cd4689"",""26f1e2d6-81d6-4180-a8ed-4a6f90b93624""]",884091,"[""ba007444-040f-4d88-b7dd-403c180b9db7"",""30adb4cc-0be7-47d9-a659-9e2c49c7a460"",""7b3bc09f-8b50-462a-ba9a-5be320d25e79"",""adb1265e-1c25-4ad4-82de-878c26ba4665"",""dba6eba9-0432-4bfa-afbd-3a09f3cd4689"",""26f1e2d6-81d6-4180-a8ed-4a6f90b93624""]",,missing,tokens,[],,"[""ba007444-040f-4d88-b7dd-403c180b9db7"",""30adb4cc-0be7-47d9-a659-9e2c49c7a460"",""7b3bc09f-8b50-462a-ba9a-5be320d25e79"",""adb1265e-1c25-4ad4-82de-878c26ba4665"",""dba6eba9-0432-4bfa-afbd-3a09f3cd4689"",""26f1e2d6-81d6-4180-a8ed-4a6f90b93624""]",33879,complete,tokens,"[""ba007444-040f-4d88-b7dd-403c180b9db7"",""30adb4cc-0be7-47d9-a659-9e2c49c7a460"",""7b3bc09f-8b50-462a-ba9a-5be320d25e79"",""adb1265e-1c25-4ad4-82de-878c26ba4665"",""dba6eba9-0432-4bfa-afbd-3a09f3cd4689"",""26f1e2d6-81d6-4180-a8ed-4a6f90b93624""]",33879,"[""ba007444-040f-4d88-b7dd-403c180b9db7"",""30adb4cc-0be7-47d9-a659-9e2c49c7a460"",""7b3bc09f-8b50-462a-ba9a-5be320d25e79"",""adb1265e-1c25-4ad4-82de-878c26ba4665"",""dba6eba9-0432-4bfa-afbd-3a09f3cd4689"",""26f1e2d6-81d6-4180-a8ed-4a6f90b93624""]",24712,complete,tokens,"[""ba007444-040f-4d88-b7dd-403c180b9db7"",""30adb4cc-0be7-47d9-a659-9e2c49c7a460"",""7b3bc09f-8b50-462a-ba9a-5be320d25e79"",""adb1265e-1c25-4ad4-82de-878c26ba4665"",""dba6eba9-0432-4bfa-afbd-3a09f3cd4689"",""26f1e2d6-81d6-4180-a8ed-4a6f90b93624""]",24712,"[""ba007444-040f-4d88-b7dd-403c180b9db7"",""30adb4cc-0be7-47d9-a659-9e2c49c7a460"",""7b3bc09f-8b50-462a-ba9a-5be320d25e79"",""adb1265e-1c25-4ad4-82de-878c26ba4665"",""dba6eba9-0432-4bfa-afbd-3a09f3cd4689"",""26f1e2d6-81d6-4180-a8ed-4a6f90b93624""]",917970,complete,tokens,"[""ba007444-040f-4d88-b7dd-403c180b9db7"",""30adb4cc-0be7-47d9-a659-9e2c49c7a460"",""7b3bc09f-8b50-462a-ba9a-5be320d25e79"",""adb1265e-1c25-4ad4-82de-878c26ba4665"",""dba6eba9-0432-4bfa-afbd-3a09f3cd4689"",""26f1e2d6-81d6-4180-a8ed-4a6f90b93624""]",917970,,4079df00-4290-4036-9b2c-f23318d6a3a3,observed,s,582.747242516,decimal,6,45b5c191-572f-41e1-9a62-6da4ab5295c7,a1e8bcc8-ace9-4ea3-bd25-0a4f7bad4408,2026-10-07T07:15:57.023558Z,complete,terminal,,F derived from result binding c297839fe121cea176bbefa8e64a870bef6634dc2af9b82f9afc17a846337212,observed,F,1,text,sealed,content_failure,M7 exact derivation,observed,diagnoses,0,M7 exact derivation,observed,lines,43,1,0,M7 exact derivation,observed,diagnoses_per_100_lines,0,True,mixed: explicit per observation
M7-analysis-v5,f9faff59-3259-5804-8713-ca7f4006c343,2,c2ae86ee09cf1df8b2844bc92fba16af9688fb72d9e444914a158477a66877b8,E-BA,c95570638786f34bdf300259908c703357f319349529bd0f72711c0b41f6d98a,bcba9767-41cd-49d9-aa5e-687d9d4d0032,dbb63e68d4ed9e904fa985aa5b88d674205b6caab086a8d981ac8918a9c68fb5,"[""4afc763c-033e-501c-9c9c-453207d31e62"",""1fed9611-d0cc-51e5-86e7-4ba237c836a2"",""0e4d4039-5409-5be7-a300-ded85e9c22d7"",""1c4afc6f-6679-57b7-ab6b-cec3053e85a1"",""76216ff6-0dab-5f43-913f-741c2deb7596"",""fe7c5fea-171a-5d3e-b93c-b9d53dca7c67"",""784c942d-b222-5013-a2e4-de4aa477a143"",""2f2d84f4-6f41-5df7-a828-cc0a3d9cdddf"",""c68f6332-f200-5595-940d-e5bcad78f1fe"",""54c3aba8-cb42-5023-9591-5cdd68bdd7c5"",""b9ac296e-4c6c-5cdc-9e03-14868c124af2"",""022ddff9-4332-5ba5-b884-42537f220a0c"",""0d262496-18e1-5973-84a6-84fbda64d0ff"",""447860c8-1d56-518b-88ad-7e103990b756"",""616ecfda-7163-5a8d-ba60-01f623d8b124"",""656bacfc-b102-5379-8db2-2f9f127621e0"",""88f2e658-6155-5924-bc85-63fe2aabb08a"",""9f032fb3-90ca-5749-aff5-1065077ac10e"",""4d2e4005-a84b-525b-a492-d367c5e405d0"",""12b20e20-e117-5c00-83bc-e589b92b730e"",""e97a5398-37b9-5e89-91a9-9b3ae48d9534"",""7a8f92c5-5f85-593a-bf90-08e13c60a2e6"",""aa66f5e3-ac0e-57d6-9b69-aa54ea7c4fb9"",""d07b7490-853e-562b-b662-305e89e7718d"",""596c0800-372d-5056-8a35-9f8661656bf4"",""d08816e6-d4d6-5f35-9de3-d86528fa7a96"",""2e126757-f17e-5ee2-93db-94d31ed944b2"",""5e1af4e2-330f-563f-b639-2d3cd8d276c8"",""49cd1889-2a56-5913-8723-929335f68874"",""82b898ba-3b6d-567f-8996-4f259b74547e"",""d38eb7d2-e78b-5c2f-93e4-2e34846e80e6"",""33effc64-dcfe-5ced-badf-c4df49f68dc1"",""a3a03b99-34c0-504b-b529-32b798db318a"",""8b3ec7b0-123f-5597-95f7-1fafc5810d01"",""035c5442-19b8-5a84-8a59-b352a9660279"",""d6d45010-72fa-5741-b733-88958a8795d2"",""ab8215e5-b753-5a6a-a4e7-ad9caf42eeac"",""1b20061c-b208-551a-b06c-81ffeff623fc"",""9b6d0913-2ae6-5dab-ab36-d05e1c51b208"",""a27c1fb2-edc1-57e6-9d74-adb5a13fed3b"",""4696448b-8c21-591b-80cc-7344ea0b95ec"",""c1d75a33-928c-5636-b99c-def1fb29e0f5"",""61eebfb6-2555-5bce-ba71-7a750427392a"",""aba074a1-d451-595d-bc12-e257adbe7383"",""1ca34094-ee4d-5962-a78a-174d361a9cd3"",""7edb0577-da07-5c6f-8391-bb90e9822165"",""d7c5d484-54dc-5d1e-a3ac-65d60267a12c"",""f416cc8b-3bc2-5c4c-a91c-c56faf748684""]",3,1,M7 exact derivation,observed,ratio,1/3,M7 exact derivation,observed,binary,0,M7 exact derivation,observed,binary,0,M7 exact derivation,observed,binary,1,M7 exact derivation,observed,binary,1,M7 exact derivation,observed,binary,0,M7 exact derivation,observed,binary,0,M7 exact derivation,observed,binary,1,,M6-evaluator-v1,observed,binary,1,decimal,,Menschliche lokale Selbstauskunft,observed,binary,1,decimal,,Menschliche lokale Selbstauskunft,observed,binary,1,decimal,,Menschliche lokale Selbstauskunft,observed,binary,1,decimal,,M6-evaluator-v1,observed,binary,1,decimal,M7 exact derivation,observed,binary,0,d07b7490-853e-562b-b662-305e89e7718d,True,,24,Not collected,not_collected,s,,6,Not collected,not_collected,s,,0.1469161958,USD,0.1469161958,known,Not collected,not_collected,s,,Not collected,not_collected,s,,Not collected,not_collected,s,,Not collected,not_collected,s,,Zeitanteil/Verknüpfung unvollständig,,technical_missing,s,,,Zeitanteil/Verknüpfung unvollständig,,technical_missing,s,,,Zeitanteil/Verknüpfung unvollständig,,technical_missing,s,,,1,Not collected,not_collected,s,,Not collected,not_collected,s,,"[""c799e1e8-d724-41e8-ba54-f6d1fb81df3f"",""0e45d70d-c3fb-43aa-a5e7-b4b5d96e2d70"",""56a5aa10-7a73-48bf-8bc0-47312101ff33"",""57755f01-2d91-469b-9d18-5de60d8f12d2"",""78243f95-befd-4257-8ffe-e097fea91433"",""70ca6758-5dd7-4b21-91d3-d8de0551875b""]",1024,complete,tokens,"[""c799e1e8-d724-41e8-ba54-f6d1fb81df3f"",""0e45d70d-c3fb-43aa-a5e7-b4b5d96e2d70"",""56a5aa10-7a73-48bf-8bc0-47312101ff33"",""57755f01-2d91-469b-9d18-5de60d8f12d2"",""78243f95-befd-4257-8ffe-e097fea91433"",""70ca6758-5dd7-4b21-91d3-d8de0551875b""]",1024,"[""c799e1e8-d724-41e8-ba54-f6d1fb81df3f"",""0e45d70d-c3fb-43aa-a5e7-b4b5d96e2d70"",""56a5aa10-7a73-48bf-8bc0-47312101ff33"",""57755f01-2d91-469b-9d18-5de60d8f12d2"",""78243f95-befd-4257-8ffe-e097fea91433"",""70ca6758-5dd7-4b21-91d3-d8de0551875b""]",286363,complete,tokens,"[""c799e1e8-d724-41e8-ba54-f6d1fb81df3f"",""0e45d70d-c3fb-43aa-a5e7-b4b5d96e2d70"",""56a5aa10-7a73-48bf-8bc0-47312101ff33"",""57755f01-2d91-469b-9d18-5de60d8f12d2"",""78243f95-befd-4257-8ffe-e097fea91433"",""70ca6758-5dd7-4b21-91d3-d8de0551875b""]",286363,"[""c799e1e8-d724-41e8-ba54-f6d1fb81df3f"",""0e45d70d-c3fb-43aa-a5e7-b4b5d96e2d70"",""56a5aa10-7a73-48bf-8bc0-47312101ff33"",""57755f01-2d91-469b-9d18-5de60d8f12d2"",""78243f95-befd-4257-8ffe-e097fea91433"",""70ca6758-5dd7-4b21-91d3-d8de0551875b""]",872289,complete,tokens,"[""c799e1e8-d724-41e8-ba54-f6d1fb81df3f"",""0e45d70d-c3fb-43aa-a5e7-b4b5d96e2d70"",""56a5aa10-7a73-48bf-8bc0-47312101ff33"",""57755f01-2d91-469b-9d18-5de60d8f12d2"",""78243f95-befd-4257-8ffe-e097fea91433"",""70ca6758-5dd7-4b21-91d3-d8de0551875b""]",872289,"[""c799e1e8-d724-41e8-ba54-f6d1fb81df3f"",""0e45d70d-c3fb-43aa-a5e7-b4b5d96e2d70"",""56a5aa10-7a73-48bf-8bc0-47312101ff33"",""57755f01-2d91-469b-9d18-5de60d8f12d2"",""78243f95-befd-4257-8ffe-e097fea91433"",""70ca6758-5dd7-4b21-91d3-d8de0551875b""]",,missing,tokens,[],,"[""c799e1e8-d724-41e8-ba54-f6d1fb81df3f"",""0e45d70d-c3fb-43aa-a5e7-b4b5d96e2d70"",""56a5aa10-7a73-48bf-8bc0-47312101ff33"",""57755f01-2d91-469b-9d18-5de60d8f12d2"",""78243f95-befd-4257-8ffe-e097fea91433"",""70ca6758-5dd7-4b21-91d3-d8de0551875b""]",68364,complete,tokens,"[""c799e1e8-d724-41e8-ba54-f6d1fb81df3f"",""0e45d70d-c3fb-43aa-a5e7-b4b5d96e2d70"",""56a5aa10-7a73-48bf-8bc0-47312101ff33"",""57755f01-2d91-469b-9d18-5de60d8f12d2"",""78243f95-befd-4257-8ffe-e097fea91433"",""70ca6758-5dd7-4b21-91d3-d8de0551875b""]",68364,"[""c799e1e8-d724-41e8-ba54-f6d1fb81df3f"",""0e45d70d-c3fb-43aa-a5e7-b4b5d96e2d70"",""56a5aa10-7a73-48bf-8bc0-47312101ff33"",""57755f01-2d91-469b-9d18-5de60d8f12d2"",""78243f95-befd-4257-8ffe-e097fea91433"",""70ca6758-5dd7-4b21-91d3-d8de0551875b""]",62885,complete,tokens,"[""c799e1e8-d724-41e8-ba54-f6d1fb81df3f"",""0e45d70d-c3fb-43aa-a5e7-b4b5d96e2d70"",""56a5aa10-7a73-48bf-8bc0-47312101ff33"",""57755f01-2d91-469b-9d18-5de60d8f12d2"",""78243f95-befd-4257-8ffe-e097fea91433"",""70ca6758-5dd7-4b21-91d3-d8de0551875b""]",62885,"[""c799e1e8-d724-41e8-ba54-f6d1fb81df3f"",""0e45d70d-c3fb-43aa-a5e7-b4b5d96e2d70"",""56a5aa10-7a73-48bf-8bc0-47312101ff33"",""57755f01-2d91-469b-9d18-5de60d8f12d2"",""78243f95-befd-4257-8ffe-e097fea91433"",""70ca6758-5dd7-4b21-91d3-d8de0551875b""]",940653,complete,tokens,"[""c799e1e8-d724-41e8-ba54-f6d1fb81df3f"",""0e45d70d-c3fb-43aa-a5e7-b4b5d96e2d70"",""56a5aa10-7a73-48bf-8bc0-47312101ff33"",""57755f01-2d91-469b-9d18-5de60d8f12d2"",""78243f95-befd-4257-8ffe-e097fea91433"",""70ca6758-5dd7-4b21-91d3-d8de0551875b""]",940653,Gesamtdauer/Verknüpfung unvollständig,,technical_missing,s,,,6,9f907633-e873-4994-a488-fbac89398069,54e4e422-fb8a-4cfd-8789-5e3917e64bd5,2026-10-07T08:04:44.685259Z,complete,terminal,,F derived from result binding 4531a8a1b5d4246ef1d0dbe12acba9f28d571d7fc121e804f72455063f599a77,observed,F,1/3,text,sealed,content_failure,M7 exact derivation,observed,diagnoses,2,M7 exact derivation,observed,lines,93,93,200,M7 exact derivation,observed,diagnoses_per_100_lines,200/93,True,mixed: explicit per observation
M7-analysis-v5,0c44d85c-d8d9-572f-b0cb-1e52983adc6c,3,2f39dc921e759f25a00ada18fb11a07038e6d909b1e250ac0cd5b547b90f39e0,C-BF-1,202e1e0a33d9d0d7b92585572740cd6b1ca70f7699cac883e8579e11bac45057,651e080b-10b7-40ff-9204-1dd148ce6638,dbb63e68d4ed9e904fa985aa5b88d674205b6caab086a8d981ac8918a9c68fb5,"[""4afc763c-033e-501c-9c9c-453207d31e62"",""1fed9611-d0cc-51e5-86e7-4ba237c836a2"",""0e4d4039-5409-5be7-a300-ded85e9c22d7"",""1c4afc6f-6679-57b7-ab6b-cec3053e85a1"",""76216ff6-0dab-5f43-913f-741c2deb7596"",""fe7c5fea-171a-5d3e-b93c-b9d53dca7c67"",""784c942d-b222-5013-a2e4-de4aa477a143"",""2f2d84f4-6f41-5df7-a828-cc0a3d9cdddf"",""c68f6332-f200-5595-940d-e5bcad78f1fe"",""54c3aba8-cb42-5023-9591-5cdd68bdd7c5"",""b9ac296e-4c6c-5cdc-9e03-14868c124af2"",""022ddff9-4332-5ba5-b884-42537f220a0c"",""0d262496-18e1-5973-84a6-84fbda64d0ff"",""447860c8-1d56-518b-88ad-7e103990b756"",""616ecfda-7163-5a8d-ba60-01f623d8b124"",""656bacfc-b102-5379-8db2-2f9f127621e0"",""88f2e658-6155-5924-bc85-63fe2aabb08a"",""9f032fb3-90ca-5749-aff5-1065077ac10e"",""4d2e4005-a84b-525b-a492-d367c5e405d0"",""12b20e20-e117-5c00-83bc-e589b92b730e"",""e97a5398-37b9-5e89-91a9-9b3ae48d9534"",""7a8f92c5-5f85-593a-bf90-08e13c60a2e6"",""aa66f5e3-ac0e-57d6-9b69-aa54ea7c4fb9"",""d07b7490-853e-562b-b662-305e89e7718d"",""596c0800-372d-5056-8a35-9f8661656bf4"",""d08816e6-d4d6-5f35-9de3-d86528fa7a96"",""2e126757-f17e-5ee2-93db-94d31ed944b2"",""5e1af4e2-330f-563f-b639-2d3cd8d276c8"",""49cd1889-2a56-5913-8723-929335f68874"",""82b898ba-3b6d-567f-8996-4f259b74547e"",""d38eb7d2-e78b-5c2f-93e4-2e34846e80e6"",""33effc64-dcfe-5ced-badf-c4df49f68dc1"",""a3a03b99-34c0-504b-b529-32b798db318a"",""8b3ec7b0-123f-5597-95f7-1fafc5810d01"",""035c5442-19b8-5a84-8a59-b352a9660279"",""d6d45010-72fa-5741-b733-88958a8795d2"",""ab8215e5-b753-5a6a-a4e7-ad9caf42eeac"",""1b20061c-b208-551a-b06c-81ffeff623fc"",""9b6d0913-2ae6-5dab-ab36-d05e1c51b208"",""a27c1fb2-edc1-57e6-9d74-adb5a13fed3b"",""4696448b-8c21-591b-80cc-7344ea0b95ec"",""c1d75a33-928c-5636-b99c-def1fb29e0f5"",""61eebfb6-2555-5bce-ba71-7a750427392a"",""aba074a1-d451-595d-bc12-e257adbe7383"",""1ca34094-ee4d-5962-a78a-174d361a9cd3"",""7edb0577-da07-5c6f-8391-bb90e9822165"",""d7c5d484-54dc-5d1e-a3ac-65d60267a12c"",""f416cc8b-3bc2-5c4c-a91c-c56faf748684""]",1,1,M7 exact derivation,observed,ratio,1,M7 exact derivation,observed,binary,1,M7 exact derivation,observed,binary,1,M7 exact derivation,observed,binary,1,M7 exact derivation,observed,binary,1,M7 exact derivation,observed,binary,1,M7 exact derivation,observed,binary,1,M7 exact derivation,observed,binary,1,,M6-evaluator-v1,observed,binary,1,decimal,,Menschliche lokale Selbstauskunft,observed,binary,1,decimal,,Menschliche lokale Selbstauskunft,observed,binary,1,decimal,,Menschliche lokale Selbstauskunft,observed,binary,1,decimal,,M6-evaluator-v1,observed,binary,1,decimal,M7 exact derivation,observed,binary,1,596c0800-372d-5056-8a35-9f8661656bf4,True,,25,Not collected,not_collected,s,,6,Not collected,not_collected,s,,0.114579675,USD,0.114579675,known,Not collected,not_collected,s,,Not collected,not_collected,s,,Not collected,not_collected,s,,Not collected,not_collected,s,,,4857bf75-6bb9-4962-8b9c-3947b94d88f0,observed,s,0,decimal,,4857bf75-6bb9-4962-8b9c-3947b94d88f0,observed,s,0,decimal,,4857bf75-6bb9-4962-8b9c-3947b94d88f0,observed,s,444.237104828,decimal,1,Not collected,not_collected,s,,Not collected,not_collected,s,,"[""a8a3c8a4-0e6d-4a76-844b-4e53df854779"",""6f629ff2-9aa6-4004-8b67-d9c26ab4d1b3"",""5a80cd0f-d9bc-4ae2-9fb2-c07e9354f6df"",""d9f92eda-2966-4ff2-a491-c0c925c7f194"",""7f920ce6-5d01-4572-8aea-280d50fbb58a"",""71c5a0d0-3508-422a-8f87-2c27e356725f""]",0,complete,tokens,"[""a8a3c8a4-0e6d-4a76-844b-4e53df854779"",""6f629ff2-9aa6-4004-8b67-d9c26ab4d1b3"",""5a80cd0f-d9bc-4ae2-9fb2-c07e9354f6df"",""d9f92eda-2966-4ff2-a491-c0c925c7f194"",""7f920ce6-5d01-4572-8aea-280d50fbb58a"",""71c5a0d0-3508-422a-8f87-2c27e356725f""]",0,"[""a8a3c8a4-0e6d-4a76-844b-4e53df854779"",""6f629ff2-9aa6-4004-8b67-d9c26ab4d1b3"",""5a80cd0f-d9bc-4ae2-9fb2-c07e9354f6df"",""d9f92eda-2966-4ff2-a491-c0c925c7f194"",""7f920ce6-5d01-4572-8aea-280d50fbb58a"",""71c5a0d0-3508-422a-8f87-2c27e356725f""]",857739,complete,tokens,"[""a8a3c8a4-0e6d-4a76-844b-4e53df854779"",""6f629ff2-9aa6-4004-8b67-d9c26ab4d1b3"",""5a80cd0f-d9bc-4ae2-9fb2-c07e9354f6df"",""d9f92eda-2966-4ff2-a491-c0c925c7f194"",""7f920ce6-5d01-4572-8aea-280d50fbb58a"",""71c5a0d0-3508-422a-8f87-2c27e356725f""]",857739,"[""a8a3c8a4-0e6d-4a76-844b-4e53df854779"",""6f629ff2-9aa6-4004-8b67-d9c26ab4d1b3"",""5a80cd0f-d9bc-4ae2-9fb2-c07e9354f6df"",""d9f92eda-2966-4ff2-a491-c0c925c7f194"",""7f920ce6-5d01-4572-8aea-280d50fbb58a"",""71c5a0d0-3508-422a-8f87-2c27e356725f""]",857757,complete,tokens,"[""a8a3c8a4-0e6d-4a76-844b-4e53df854779"",""6f629ff2-9aa6-4004-8b67-d9c26ab4d1b3"",""5a80cd0f-d9bc-4ae2-9fb2-c07e9354f6df"",""d9f92eda-2966-4ff2-a491-c0c925c7f194"",""7f920ce6-5d01-4572-8aea-280d50fbb58a"",""71c5a0d0-3508-422a-8f87-2c27e356725f""]",857757,"[""a8a3c8a4-0e6d-4a76-844b-4e53df854779"",""6f629ff2-9aa6-4004-8b67-d9c26ab4d1b3"",""5a80cd0f-d9bc-4ae2-9fb2-c07e9354f6df"",""d9f92eda-2966-4ff2-a491-c0c925c7f194"",""7f920ce6-5d01-4572-8aea-280d50fbb58a"",""71c5a0d0-3508-422a-8f87-2c27e356725f""]",,missing,tokens,[],,"[""a8a3c8a4-0e6d-4a76-844b-4e53df854779"",""6f629ff2-9aa6-4004-8b67-d9c26ab4d1b3"",""5a80cd0f-d9bc-4ae2-9fb2-c07e9354f6df"",""d9f92eda-2966-4ff2-a491-c0c925c7f194"",""7f920ce6-5d01-4572-8aea-280d50fbb58a"",""71c5a0d0-3508-422a-8f87-2c27e356725f""]",14721,complete,tokens,"[""a8a3c8a4-0e6d-4a76-844b-4e53df854779"",""6f629ff2-9aa6-4004-8b67-d9c26ab4d1b3"",""5a80cd0f-d9bc-4ae2-9fb2-c07e9354f6df"",""d9f92eda-2966-4ff2-a491-c0c925c7f194"",""7f920ce6-5d01-4572-8aea-280d50fbb58a"",""71c5a0d0-3508-422a-8f87-2c27e356725f""]",14721,"[""a8a3c8a4-0e6d-4a76-844b-4e53df854779"",""6f629ff2-9aa6-4004-8b67-d9c26ab4d1b3"",""5a80cd0f-d9bc-4ae2-9fb2-c07e9354f6df"",""d9f92eda-2966-4ff2-a491-c0c925c7f194"",""7f920ce6-5d01-4572-8aea-280d50fbb58a"",""71c5a0d0-3508-422a-8f87-2c27e356725f""]",6345,complete,tokens,"[""a8a3c8a4-0e6d-4a76-844b-4e53df854779"",""6f629ff2-9aa6-4004-8b67-d9c26ab4d1b3"",""5a80cd0f-d9bc-4ae2-9fb2-c07e9354f6df"",""d9f92eda-2966-4ff2-a491-c0c925c7f194"",""7f920ce6-5d01-4572-8aea-280d50fbb58a"",""71c5a0d0-3508-422a-8f87-2c27e356725f""]",6345,"[""a8a3c8a4-0e6d-4a76-844b-4e53df854779"",""6f629ff2-9aa6-4004-8b67-d9c26ab4d1b3"",""5a80cd0f-d9bc-4ae2-9fb2-c07e9354f6df"",""d9f92eda-2966-4ff2-a491-c0c925c7f194"",""7f920ce6-5d01-4572-8aea-280d50fbb58a"",""71c5a0d0-3508-422a-8f87-2c27e356725f""]",872478,complete,tokens,"[""a8a3c8a4-0e6d-4a76-844b-4e53df854779"",""6f629ff2-9aa6-4004-8b67-d9c26ab4d1b3"",""5a80cd0f-d9bc-4ae2-9fb2-c07e9354f6df"",""d9f92eda-2966-4ff2-a491-c0c925c7f194"",""7f920ce6-5d01-4572-8aea-280d50fbb58a"",""71c5a0d0-3508-422a-8f87-2c27e356725f""]",872478,,4857bf75-6bb9-4962-8b9c-3947b94d88f0,observed,s,444.237104828,decimal,6,11197ac3-74e7-49be-b708-accc9dbbf5d0,0f079fb5-4777-45a8-98fe-0aa3ae6dc4e3,2026-10-07T14:22:25.811642Z,complete,terminal,,F derived from result binding 0b3ecbb96ed1a7ce01f17a4a86a1d9a83da79e4b2456c690e9eba11ca6f2b657,observed,F,1,text,sealed,content_failure,M7 exact derivation,observed,diagnoses,0,M7 exact derivation,observed,lines,60,1,0,M7 exact derivation,observed,diagnoses_per_100_lines,0,True,mixed: explicit per observation
M7-analysis-v5,0c44d85c-d8d9-572f-b0cb-1e52983adc6c,3,9c27f3d78fc59621cb82e18c166959e261aed1d7fbe46d64799a3887ce2865ff,E-P1R0,46fff238fb6d2caf7973ae538150ab3097c1fa1862c12a1b6c4ff163afb5f6c3,4eb1de1a-3682-4e43-9075-598dbaee7479,dbb63e68d4ed9e904fa985aa5b88d674205b6caab086a8d981ac8918a9c68fb5,"[""4afc763c-033e-501c-9c9c-453207d31e62"",""1fed9611-d0cc-51e5-86e7-4ba237c836a2"",""0e4d4039-5409-5be7-a300-ded85e9c22d7"",""1c4afc6f-6679-57b7-ab6b-cec3053e85a1"",""76216ff6-0dab-5f43-913f-741c2deb7596"",""fe7c5fea-171a-5d3e-b93c-b9d53dca7c67"",""784c942d-b222-5013-a2e4-de4aa477a143"",""2f2d84f4-6f41-5df7-a828-cc0a3d9cdddf"",""c68f6332-f200-5595-940d-e5bcad78f1fe"",""54c3aba8-cb42-5023-9591-5cdd68bdd7c5"",""b9ac296e-4c6c-5cdc-9e03-14868c124af2"",""022ddff9-4332-5ba5-b884-42537f220a0c"",""0d262496-18e1-5973-84a6-84fbda64d0ff"",""447860c8-1d56-518b-88ad-7e103990b756"",""616ecfda-7163-5a8d-ba60-01f623d8b124"",""656bacfc-b102-5379-8db2-2f9f127621e0"",""88f2e658-6155-5924-bc85-63fe2aabb08a"",""9f032fb3-90ca-5749-aff5-1065077ac10e"",""4d2e4005-a84b-525b-a492-d367c5e405d0"",""12b20e20-e117-5c00-83bc-e589b92b730e"",""e97a5398-37b9-5e89-91a9-9b3ae48d9534"",""7a8f92c5-5f85-593a-bf90-08e13c60a2e6"",""aa66f5e3-ac0e-57d6-9b69-aa54ea7c4fb9"",""d07b7490-853e-562b-b662-305e89e7718d"",""596c0800-372d-5056-8a35-9f8661656bf4"",""d08816e6-d4d6-5f35-9de3-d86528fa7a96"",""2e126757-f17e-5ee2-93db-94d31ed944b2"",""5e1af4e2-330f-563f-b639-2d3cd8d276c8"",""49cd1889-2a56-5913-8723-929335f68874"",""82b898ba-3b6d-567f-8996-4f259b74547e"",""d38eb7d2-e78b-5c2f-93e4-2e34846e80e6"",""33effc64-dcfe-5ced-badf-c4df49f68dc1"",""a3a03b99-34c0-504b-b529-32b798db318a"",""8b3ec7b0-123f-5597-95f7-1fafc5810d01"",""035c5442-19b8-5a84-8a59-b352a9660279"",""d6d45010-72fa-5741-b733-88958a8795d2"",""ab8215e5-b753-5a6a-a4e7-ad9caf42eeac"",""1b20061c-b208-551a-b06c-81ffeff623fc"",""9b6d0913-2ae6-5dab-ab36-d05e1c51b208"",""a27c1fb2-edc1-57e6-9d74-adb5a13fed3b"",""4696448b-8c21-591b-80cc-7344ea0b95ec"",""c1d75a33-928c-5636-b99c-def1fb29e0f5"",""61eebfb6-2555-5bce-ba71-7a750427392a"",""aba074a1-d451-595d-bc12-e257adbe7383"",""1ca34094-ee4d-5962-a78a-174d361a9cd3"",""7edb0577-da07-5c6f-8391-bb90e9822165"",""d7c5d484-54dc-5d1e-a3ac-65d60267a12c"",""f416cc8b-3bc2-5c4c-a91c-c56faf748684""]",1,1,M7 exact derivation,observed,ratio,1,M7 exact derivation,observed,binary,1,M7 exact derivation,observed,binary,1,M7 exact derivation,observed,binary,1,M7 exact derivation,observed,binary,1,M7 exact derivation,observed,binary,1,M7 exact derivation,observed,binary,1,M7 exact derivation,observed,binary,1,,M6-evaluator-v1,observed,binary,1,decimal,,Menschliche lokale Selbstauskunft,observed,binary,1,decimal,,Menschliche lokale Selbstauskunft,observed,binary,1,decimal,,Menschliche lokale Selbstauskunft,observed,binary,1,decimal,,M6-evaluator-v1,observed,binary,1,decimal,M7 exact derivation,observed,binary,1,d08816e6-d4d6-5f35-9de3-d86528fa7a96,True,,26,Not collected,not_collected,s,,5,Not collected,not_collected,s,,0.094045000,USD,0.094045000,known,Not collected,not_collected,s,,Not collected,not_collected,s,,Not collected,not_collected,s,,Not collected,not_collected,s,,,0ac5e538-9bac-40d4-815b-30707681b3b4,observed,s,0,decimal,,0ac5e538-9bac-40d4-815b-30707681b3b4,observed,s,0,decimal,,0ac5e538-9bac-40d4-815b-30707681b3b4,observed,s,385.906046510,decimal,1,Not collected,not_collected,s,,Not collected,not_collected,s,,"[""8e7b2629-5320-43b7-99e4-14af2ec19e10"",""5d89c233-b37e-4066-a805-1cf6c5338b6b"",""ba9b2b33-5780-4d94-ab74-825f444ca74d"",""f16af02b-efcf-4526-82ad-7424d80c4250"",""b3cc3058-b2d6-4214-9f20-56bd29626ede""]",0,complete,tokens,"[""8e7b2629-5320-43b7-99e4-14af2ec19e10"",""5d89c233-b37e-4066-a805-1cf6c5338b6b"",""ba9b2b33-5780-4d94-ab74-825f444ca74d"",""f16af02b-efcf-4526-82ad-7424d80c4250"",""b3cc3058-b2d6-4214-9f20-56bd29626ede""]",0,"[""8e7b2629-5320-43b7-99e4-14af2ec19e10"",""5d89c233-b37e-4066-a805-1cf6c5338b6b"",""ba9b2b33-5780-4d94-ab74-825f444ca74d"",""f16af02b-efcf-4526-82ad-7424d80c4250"",""b3cc3058-b2d6-4214-9f20-56bd29626ede""]",707332,complete,tokens,"[""8e7b2629-5320-43b7-99e4-14af2ec19e10"",""5d89c233-b37e-4066-a805-1cf6c5338b6b"",""ba9b2b33-5780-4d94-ab74-825f444ca74d"",""f16af02b-efcf-4526-82ad-7424d80c4250"",""b3cc3058-b2d6-4214-9f20-56bd29626ede""]",707332,"[""8e7b2629-5320-43b7-99e4-14af2ec19e10"",""5d89c233-b37e-4066-a805-1cf6c5338b6b"",""ba9b2b33-5780-4d94-ab74-825f444ca74d"",""f16af02b-efcf-4526-82ad-7424d80c4250"",""b3cc3058-b2d6-4214-9f20-56bd29626ede""]",707347,complete,tokens,"[""8e7b2629-5320-43b7-99e4-14af2ec19e10"",""5d89c233-b37e-4066-a805-1cf6c5338b6b"",""ba9b2b33-5780-4d94-ab74-825f444ca74d"",""f16af02b-efcf-4526-82ad-7424d80c4250"",""b3cc3058-b2d6-4214-9f20-56bd29626ede""]",707347,"[""8e7b2629-5320-43b7-99e4-14af2ec19e10"",""5d89c233-b37e-4066-a805-1cf6c5338b6b"",""ba9b2b33-5780-4d94-ab74-825f444ca74d"",""f16af02b-efcf-4526-82ad-7424d80c4250"",""b3cc3058-b2d6-4214-9f20-56bd29626ede""]",,missing,tokens,[],,"[""8e7b2629-5320-43b7-99e4-14af2ec19e10"",""5d89c233-b37e-4066-a805-1cf6c5338b6b"",""ba9b2b33-5780-4d94-ab74-825f444ca74d"",""f16af02b-efcf-4526-82ad-7424d80c4250"",""b3cc3058-b2d6-4214-9f20-56bd29626ede""]",11254,complete,tokens,"[""8e7b2629-5320-43b7-99e4-14af2ec19e10"",""5d89c233-b37e-4066-a805-1cf6c5338b6b"",""ba9b2b33-5780-4d94-ab74-825f444ca74d"",""f16af02b-efcf-4526-82ad-7424d80c4250"",""b3cc3058-b2d6-4214-9f20-56bd29626ede""]",11254,"[""8e7b2629-5320-43b7-99e4-14af2ec19e10"",""5d89c233-b37e-4066-a805-1cf6c5338b6b"",""ba9b2b33-5780-4d94-ab74-825f444ca74d"",""f16af02b-efcf-4526-82ad-7424d80c4250"",""b3cc3058-b2d6-4214-9f20-56bd29626ede""]",4030,complete,tokens,"[""8e7b2629-5320-43b7-99e4-14af2ec19e10"",""5d89c233-b37e-4066-a805-1cf6c5338b6b"",""ba9b2b33-5780-4d94-ab74-825f444ca74d"",""f16af02b-efcf-4526-82ad-7424d80c4250"",""b3cc3058-b2d6-4214-9f20-56bd29626ede""]",4030,"[""8e7b2629-5320-43b7-99e4-14af2ec19e10"",""5d89c233-b37e-4066-a805-1cf6c5338b6b"",""ba9b2b33-5780-4d94-ab74-825f444ca74d"",""f16af02b-efcf-4526-82ad-7424d80c4250"",""b3cc3058-b2d6-4214-9f20-56bd29626ede""]",718601,complete,tokens,"[""8e7b2629-5320-43b7-99e4-14af2ec19e10"",""5d89c233-b37e-4066-a805-1cf6c5338b6b"",""ba9b2b33-5780-4d94-ab74-825f444ca74d"",""f16af02b-efcf-4526-82ad-7424d80c4250"",""b3cc3058-b2d6-4214-9f20-56bd29626ede""]",718601,,0ac5e538-9bac-40d4-815b-30707681b3b4,observed,s,385.906046510,decimal,5,351f4724-cd79-44e9-8ffd-b30433add7ec,66a54e98-bbec-4fc4-9034-3f60765e64e5,2026-10-07T14:42:09.893580Z,complete,terminal,,F derived from result binding 3505953f8d3dc93f7f82a72351475537eb527c68c8bb1695565766735c5a6c97,observed,F,1,text,sealed,content_failure,M7 exact derivation,observed,diagnoses,0,M7 exact derivation,observed,lines,36,1,0,M7 exact derivation,observed,diagnoses_per_100_lines,0,True,mixed: explicit per observation
M7-analysis-v5,0c44d85c-d8d9-572f-b0cb-1e52983adc6c,3,30ec3a4367a06009151d9059514c4757403bfd6edf6efc78c899b6a5e7e6e751,E-AB,e1ea2ccf80fbb81f94b29b70bdd06508e2b9419500b1ca0ecfd5317a4540e358,37d46947-813a-4296-a328-81c505b1dba7,dbb63e68d4ed9e904fa985aa5b88d674205b6caab086a8d981ac8918a9c68fb5,"[""4afc763c-033e-501c-9c9c-453207d31e62"",""1fed9611-d0cc-51e5-86e7-4ba237c836a2"",""0e4d4039-5409-5be7-a300-ded85e9c22d7"",""1c4afc6f-6679-57b7-ab6b-cec3053e85a1"",""76216ff6-0dab-5f43-913f-741c2deb7596"",""fe7c5fea-171a-5d3e-b93c-b9d53dca7c67"",""784c942d-b222-5013-a2e4-de4aa477a143"",""2f2d84f4-6f41-5df7-a828-cc0a3d9cdddf"",""c68f6332-f200-5595-940d-e5bcad78f1fe"",""54c3aba8-cb42-5023-9591-5cdd68bdd7c5"",""b9ac296e-4c6c-5cdc-9e03-14868c124af2"",""022ddff9-4332-5ba5-b884-42537f220a0c"",""0d262496-18e1-5973-84a6-84fbda64d0ff"",""447860c8-1d56-518b-88ad-7e103990b756"",""616ecfda-7163-5a8d-ba60-01f623d8b124"",""656bacfc-b102-5379-8db2-2f9f127621e0"",""88f2e658-6155-5924-bc85-63fe2aabb08a"",""9f032fb3-90ca-5749-aff5-1065077ac10e"",""4d2e4005-a84b-525b-a492-d367c5e405d0"",""12b20e20-e117-5c00-83bc-e589b92b730e"",""e97a5398-37b9-5e89-91a9-9b3ae48d9534"",""7a8f92c5-5f85-593a-bf90-08e13c60a2e6"",""aa66f5e3-ac0e-57d6-9b69-aa54ea7c4fb9"",""d07b7490-853e-562b-b662-305e89e7718d"",""596c0800-372d-5056-8a35-9f8661656bf4"",""d08816e6-d4d6-5f35-9de3-d86528fa7a96"",""2e126757-f17e-5ee2-93db-94d31ed944b2"",""5e1af4e2-330f-563f-b639-2d3cd8d276c8"",""49cd1889-2a56-5913-8723-929335f68874"",""82b898ba-3b6d-567f-8996-4f259b74547e"",""d38eb7d2-e78b-5c2f-93e4-2e34846e80e6"",""33effc64-dcfe-5ced-badf-c4df49f68dc1"",""a3a03b99-34c0-504b-b529-32b798db318a"",""8b3ec7b0-123f-5597-95f7-1fafc5810d01"",""035c5442-19b8-5a84-8a59-b352a9660279"",""d6d45010-72fa-5741-b733-88958a8795d2"",""ab8215e5-b753-5a6a-a4e7-ad9caf42eeac"",""1b20061c-b208-551a-b06c-81ffeff623fc"",""9b6d0913-2ae6-5dab-ab36-d05e1c51b208"",""a27c1fb2-edc1-57e6-9d74-adb5a13fed3b"",""4696448b-8c21-591b-80cc-7344ea0b95ec"",""c1d75a33-928c-5636-b99c-def1fb29e0f5"",""61eebfb6-2555-5bce-ba71-7a750427392a"",""aba074a1-d451-595d-bc12-e257adbe7383"",""1ca34094-ee4d-5962-a78a-174d361a9cd3"",""7edb0577-da07-5c6f-8391-bb90e9822165"",""d7c5d484-54dc-5d1e-a3ac-65d60267a12c"",""f416cc8b-3bc2-5c4c-a91c-c56faf748684""]",1,1,M7 exact derivation,observed,ratio,1,M7 exact derivation,observed,binary,1,M7 exact derivation,observed,binary,1,M7 exact derivation,observed,binary,1,M7 exact derivation,observed,binary,1,M7 exact derivation,observed,binary,1,M7 exact derivation,observed,binary,1,M7 exact derivation,observed,binary,1,,M6-evaluator-v1,observed,binary,1,decimal,,Menschliche lokale Selbstauskunft,observed,binary,1,decimal,,Menschliche lokale Selbstauskunft,observed,binary,1,decimal,,Menschliche lokale Selbstauskunft,observed,binary,1,decimal,,M6-evaluator-v1,observed,binary,1,decimal,M7 exact derivation,observed,binary,1,2e126757-f17e-5ee2-93db-94d31ed944b2,True,,27,Not collected,not_collected,s,,6,Not collected,not_collected,s,,0.134090750,USD,0.134090750,known,Not collected,not_collected,s,,Not collected,not_collected,s,,Not collected,not_collected,s,,Not collected,not_collected,s,,,c2c78099-6d8a-45bb-857f-96c844e7a871,observed,s,0,decimal,,c2c78099-6d8a-45bb-857f-96c844e7a871,observed,s,0,decimal,,c2c78099-6d8a-45bb-857f-96c844e7a871,observed,s,734.590152375,decimal,1,Not collected,not_collected,s,,Not collected,not_collected,s,,"[""ad3aa7c9-7a4b-4549-a0a4-7be40c133589"",""517c0273-fb37-4ad2-881b-67724685d3b7"",""74a9b28f-2da8-4ba6-bd74-2cc61264589e"",""736f4192-8b1e-4631-a3e4-9a616d79b04f"",""cd7429e5-394c-4cc5-9058-fb3a4f4dd52d"",""64f232d9-b804-4e1d-af73-ed4135844a01""]",0,complete,tokens,"[""ad3aa7c9-7a4b-4549-a0a4-7be40c133589"",""517c0273-fb37-4ad2-881b-67724685d3b7"",""74a9b28f-2da8-4ba6-bd74-2cc61264589e"",""736f4192-8b1e-4631-a3e4-9a616d79b04f"",""cd7429e5-394c-4cc5-9058-fb3a4f4dd52d"",""64f232d9-b804-4e1d-af73-ed4135844a01""]",0,"[""ad3aa7c9-7a4b-4549-a0a4-7be40c133589"",""517c0273-fb37-4ad2-881b-67724685d3b7"",""74a9b28f-2da8-4ba6-bd74-2cc61264589e"",""736f4192-8b1e-4631-a3e4-9a616d79b04f"",""cd7429e5-394c-4cc5-9058-fb3a4f4dd52d"",""64f232d9-b804-4e1d-af73-ed4135844a01""]",568474,complete,tokens,"[""ad3aa7c9-7a4b-4549-a0a4-7be40c133589"",""517c0273-fb37-4ad2-881b-67724685d3b7"",""74a9b28f-2da8-4ba6-bd74-2cc61264589e"",""736f4192-8b1e-4631-a3e4-9a616d79b04f"",""cd7429e5-394c-4cc5-9058-fb3a4f4dd52d"",""64f232d9-b804-4e1d-af73-ed4135844a01""]",568474,"[""ad3aa7c9-7a4b-4549-a0a4-7be40c133589"",""517c0273-fb37-4ad2-881b-67724685d3b7"",""74a9b28f-2da8-4ba6-bd74-2cc61264589e"",""736f4192-8b1e-4631-a3e4-9a616d79b04f"",""cd7429e5-394c-4cc5-9058-fb3a4f4dd52d"",""64f232d9-b804-4e1d-af73-ed4135844a01""]",873716,complete,tokens,"[""ad3aa7c9-7a4b-4549-a0a4-7be40c133589"",""517c0273-fb37-4ad2-881b-67724685d3b7"",""74a9b28f-2da8-4ba6-bd74-2cc61264589e"",""736f4192-8b1e-4631-a3e4-9a616d79b04f"",""cd7429e5-394c-4cc5-9058-fb3a4f4dd52d"",""64f232d9-b804-4e1d-af73-ed4135844a01""]",873716,"[""ad3aa7c9-7a4b-4549-a0a4-7be40c133589"",""517c0273-fb37-4ad2-881b-67724685d3b7"",""74a9b28f-2da8-4ba6-bd74-2cc61264589e"",""736f4192-8b1e-4631-a3e4-9a616d79b04f"",""cd7429e5-394c-4cc5-9058-fb3a4f4dd52d"",""64f232d9-b804-4e1d-af73-ed4135844a01""]",,missing,tokens,[],,"[""ad3aa7c9-7a4b-4549-a0a4-7be40c133589"",""517c0273-fb37-4ad2-881b-67724685d3b7"",""74a9b28f-2da8-4ba6-bd74-2cc61264589e"",""736f4192-8b1e-4631-a3e4-9a616d79b04f"",""cd7429e5-394c-4cc5-9058-fb3a4f4dd52d"",""64f232d9-b804-4e1d-af73-ed4135844a01""]",47009,complete,tokens,"[""ad3aa7c9-7a4b-4549-a0a4-7be40c133589"",""517c0273-fb37-4ad2-881b-67724685d3b7"",""74a9b28f-2da8-4ba6-bd74-2cc61264589e"",""736f4192-8b1e-4631-a3e4-9a616d79b04f"",""cd7429e5-394c-4cc5-9058-fb3a4f4dd52d"",""64f232d9-b804-4e1d-af73-ed4135844a01""]",47009,"[""ad3aa7c9-7a4b-4549-a0a4-7be40c133589"",""517c0273-fb37-4ad2-881b-67724685d3b7"",""74a9b28f-2da8-4ba6-bd74-2cc61264589e"",""736f4192-8b1e-4631-a3e4-9a616d79b04f"",""cd7429e5-394c-4cc5-9058-fb3a4f4dd52d"",""64f232d9-b804-4e1d-af73-ed4135844a01""]",38490,complete,tokens,"[""ad3aa7c9-7a4b-4549-a0a4-7be40c133589"",""517c0273-fb37-4ad2-881b-67724685d3b7"",""74a9b28f-2da8-4ba6-bd74-2cc61264589e"",""736f4192-8b1e-4631-a3e4-9a616d79b04f"",""cd7429e5-394c-4cc5-9058-fb3a4f4dd52d"",""64f232d9-b804-4e1d-af73-ed4135844a01""]",38490,"[""ad3aa7c9-7a4b-4549-a0a4-7be40c133589"",""517c0273-fb37-4ad2-881b-67724685d3b7"",""74a9b28f-2da8-4ba6-bd74-2cc61264589e"",""736f4192-8b1e-4631-a3e4-9a616d79b04f"",""cd7429e5-394c-4cc5-9058-fb3a4f4dd52d"",""64f232d9-b804-4e1d-af73-ed4135844a01""]",920725,complete,tokens,"[""ad3aa7c9-7a4b-4549-a0a4-7be40c133589"",""517c0273-fb37-4ad2-881b-67724685d3b7"",""74a9b28f-2da8-4ba6-bd74-2cc61264589e"",""736f4192-8b1e-4631-a3e4-9a616d79b04f"",""cd7429e5-394c-4cc5-9058-fb3a4f4dd52d"",""64f232d9-b804-4e1d-af73-ed4135844a01""]",920725,,c2c78099-6d8a-45bb-857f-96c844e7a871,observed,s,734.590152375,decimal,6,0632a29b-5323-438e-b5d0-c2937d420d5d,c7517415-b940-4383-a5ae-45badd70a9c6,2026-10-07T15:04:05.616424Z,complete,terminal,,F derived from result binding 8aa79d65dda044f3559374d955793c6376ed47c68f057e10888468205ffb46b5,observed,F,1,text,sealed,content_failure,M7 exact derivation,observed,diagnoses,0,M7 exact derivation,observed,lines,44,1,0,M7 exact derivation,observed,diagnoses_per_100_lines,0,True,mixed: explicit per observation
M7-analysis-v5,0c44d85c-d8d9-572f-b0cb-1e52983adc6c,3,12be8f9c519e2ba6a01e3c8eeac872eaf9912c54286cc3624b027d50b2de078a,C-SQL-0,0294f6c032f413f4245e83b15db52ab8f50ccfa6163f315fda209ab5b27f96be,a132b12b-e7a2-4837-8603-2cfe9fd0228c,dbb63e68d4ed9e904fa985aa5b88d674205b6caab086a8d981ac8918a9c68fb5,"[""4afc763c-033e-501c-9c9c-453207d31e62"",""1fed9611-d0cc-51e5-86e7-4ba237c836a2"",""0e4d4039-5409-5be7-a300-ded85e9c22d7"",""1c4afc6f-6679-57b7-ab6b-cec3053e85a1"",""76216ff6-0dab-5f43-913f-741c2deb7596"",""fe7c5fea-171a-5d3e-b93c-b9d53dca7c67"",""784c942d-b222-5013-a2e4-de4aa477a143"",""2f2d84f4-6f41-5df7-a828-cc0a3d9cdddf"",""c68f6332-f200-5595-940d-e5bcad78f1fe"",""54c3aba8-cb42-5023-9591-5cdd68bdd7c5"",""b9ac296e-4c6c-5cdc-9e03-14868c124af2"",""022ddff9-4332-5ba5-b884-42537f220a0c"",""0d262496-18e1-5973-84a6-84fbda64d0ff"",""447860c8-1d56-518b-88ad-7e103990b756"",""616ecfda-7163-5a8d-ba60-01f623d8b124"",""656bacfc-b102-5379-8db2-2f9f127621e0"",""88f2e658-6155-5924-bc85-63fe2aabb08a"",""9f032fb3-90ca-5749-aff5-1065077ac10e"",""4d2e4005-a84b-525b-a492-d367c5e405d0"",""12b20e20-e117-5c00-83bc-e589b92b730e"",""e97a5398-37b9-5e89-91a9-9b3ae48d9534"",""7a8f92c5-5f85-593a-bf90-08e13c60a2e6"",""aa66f5e3-ac0e-57d6-9b69-aa54ea7c4fb9"",""d07b7490-853e-562b-b662-305e89e7718d"",""596c0800-372d-5056-8a35-9f8661656bf4"",""d08816e6-d4d6-5f35-9de3-d86528fa7a96"",""2e126757-f17e-5ee2-93db-94d31ed944b2"",""5e1af4e2-330f-563f-b639-2d3cd8d276c8"",""49cd1889-2a56-5913-8723-929335f68874"",""82b898ba-3b6d-567f-8996-4f259b74547e"",""d38eb7d2-e78b-5c2f-93e4-2e34846e80e6"",""33effc64-dcfe-5ced-badf-c4df49f68dc1"",""a3a03b99-34c0-504b-b529-32b798db318a"",""8b3ec7b0-123f-5597-95f7-1fafc5810d01"",""035c5442-19b8-5a84-8a59-b352a9660279"",""d6d45010-72fa-5741-b733-88958a8795d2"",""ab8215e5-b753-5a6a-a4e7-ad9caf42eeac"",""1b20061c-b208-551a-b06c-81ffeff623fc"",""9b6d0913-2ae6-5dab-ab36-d05e1c51b208"",""a27c1fb2-edc1-57e6-9d74-adb5a13fed3b"",""4696448b-8c21-591b-80cc-7344ea0b95ec"",""c1d75a33-928c-5636-b99c-def1fb29e0f5"",""61eebfb6-2555-5bce-ba71-7a750427392a"",""aba074a1-d451-595d-bc12-e257adbe7383"",""1ca34094-ee4d-5962-a78a-174d361a9cd3"",""7edb0577-da07-5c6f-8391-bb90e9822165"",""d7c5d484-54dc-5d1e-a3ac-65d60267a12c"",""f416cc8b-3bc2-5c4c-a91c-c56faf748684""]",1,1,M7 exact derivation,observed,ratio,1,M7 exact derivation,observed,binary,1,M7 exact derivation,observed,binary,1,M7 exact derivation,observed,binary,1,M7 exact derivation,observed,binary,1,M7 exact derivation,observed,binary,1,M7 exact derivation,observed,binary,1,M7 exact derivation,observed,binary,1,,M6-evaluator-v1,observed,binary,1,decimal,,Menschliche lokale Selbstauskunft,observed,binary,1,decimal,,Menschliche lokale Selbstauskunft,observed,binary,1,decimal,,Menschliche lokale Selbstauskunft,observed,binary,1,decimal,,M6-evaluator-v1,observed,binary,1,decimal,M7 exact derivation,observed,binary,1,5e1af4e2-330f-563f-b639-2d3cd8d276c8,True,,28,Not collected,not_collected,s,,6,Not collected,not_collected,s,,0.112912550,USD,0.112912550,known,Not collected,not_collected,s,,Not collected,not_collected,s,,Not collected,not_collected,s,,Not collected,not_collected,s,,,ef1b43fc-5106-4471-9e00-d9f7ae5a3bec,observed,s,0,decimal,,ef1b43fc-5106-4471-9e00-d9f7ae5a3bec,observed,s,0,decimal,,ef1b43fc-5106-4471-9e00-d9f7ae5a3bec,observed,s,443.289813534,decimal,1,Not collected,not_collected,s,,Not collected,not_collected,s,,"[""3e0b7f57-4827-405d-9b43-f6065549c449"",""e05a07f1-b355-4279-865d-b402012d0b50"",""366b03f1-7141-466a-a96f-5bee15e4fbf7"",""4d3627bf-928e-4490-842b-111a812a739b"",""4b0ccac0-e708-4000-aa9e-206de6a74f45"",""27da5749-68f5-4bf5-a085-6833bdc565fb""]",0,complete,tokens,"[""3e0b7f57-4827-405d-9b43-f6065549c449"",""e05a07f1-b355-4279-865d-b402012d0b50"",""366b03f1-7141-466a-a96f-5bee15e4fbf7"",""4d3627bf-928e-4490-842b-111a812a739b"",""4b0ccac0-e708-4000-aa9e-206de6a74f45"",""27da5749-68f5-4bf5-a085-6833bdc565fb""]",0,"[""3e0b7f57-4827-405d-9b43-f6065549c449"",""e05a07f1-b355-4279-865d-b402012d0b50"",""366b03f1-7141-466a-a96f-5bee15e4fbf7"",""4d3627bf-928e-4490-842b-111a812a739b"",""4b0ccac0-e708-4000-aa9e-206de6a74f45"",""27da5749-68f5-4bf5-a085-6833bdc565fb""]",845298,complete,tokens,"[""3e0b7f57-4827-405d-9b43-f6065549c449"",""e05a07f1-b355-4279-865d-b402012d0b50"",""366b03f1-7141-466a-a96f-5bee15e4fbf7"",""4d3627bf-928e-4490-842b-111a812a739b"",""4b0ccac0-e708-4000-aa9e-206de6a74f45"",""27da5749-68f5-4bf5-a085-6833bdc565fb""]",845298,"[""3e0b7f57-4827-405d-9b43-f6065549c449"",""e05a07f1-b355-4279-865d-b402012d0b50"",""366b03f1-7141-466a-a96f-5bee15e4fbf7"",""4d3627bf-928e-4490-842b-111a812a739b"",""4b0ccac0-e708-4000-aa9e-206de6a74f45"",""27da5749-68f5-4bf5-a085-6833bdc565fb""]",845316,complete,tokens,"[""3e0b7f57-4827-405d-9b43-f6065549c449"",""e05a07f1-b355-4279-865d-b402012d0b50"",""366b03f1-7141-466a-a96f-5bee15e4fbf7"",""4d3627bf-928e-4490-842b-111a812a739b"",""4b0ccac0-e708-4000-aa9e-206de6a74f45"",""27da5749-68f5-4bf5-a085-6833bdc565fb""]",845316,"[""3e0b7f57-4827-405d-9b43-f6065549c449"",""e05a07f1-b355-4279-865d-b402012d0b50"",""366b03f1-7141-466a-a96f-5bee15e4fbf7"",""4d3627bf-928e-4490-842b-111a812a739b"",""4b0ccac0-e708-4000-aa9e-206de6a74f45"",""27da5749-68f5-4bf5-a085-6833bdc565fb""]",,missing,tokens,[],,"[""3e0b7f57-4827-405d-9b43-f6065549c449"",""e05a07f1-b355-4279-865d-b402012d0b50"",""366b03f1-7141-466a-a96f-5bee15e4fbf7"",""4d3627bf-928e-4490-842b-111a812a739b"",""4b0ccac0-e708-4000-aa9e-206de6a74f45"",""27da5749-68f5-4bf5-a085-6833bdc565fb""]",14497,complete,tokens,"[""3e0b7f57-4827-405d-9b43-f6065549c449"",""e05a07f1-b355-4279-865d-b402012d0b50"",""366b03f1-7141-466a-a96f-5bee15e4fbf7"",""4d3627bf-928e-4490-842b-111a812a739b"",""4b0ccac0-e708-4000-aa9e-206de6a74f45"",""27da5749-68f5-4bf5-a085-6833bdc565fb""]",14497,"[""3e0b7f57-4827-405d-9b43-f6065549c449"",""e05a07f1-b355-4279-865d-b402012d0b50"",""366b03f1-7141-466a-a96f-5bee15e4fbf7"",""4d3627bf-928e-4490-842b-111a812a739b"",""4b0ccac0-e708-4000-aa9e-206de6a74f45"",""27da5749-68f5-4bf5-a085-6833bdc565fb""]",6589,complete,tokens,"[""3e0b7f57-4827-405d-9b43-f6065549c449"",""e05a07f1-b355-4279-865d-b402012d0b50"",""366b03f1-7141-466a-a96f-5bee15e4fbf7"",""4d3627bf-928e-4490-842b-111a812a739b"",""4b0ccac0-e708-4000-aa9e-206de6a74f45"",""27da5749-68f5-4bf5-a085-6833bdc565fb""]",6589,"[""3e0b7f57-4827-405d-9b43-f6065549c449"",""e05a07f1-b355-4279-865d-b402012d0b50"",""366b03f1-7141-466a-a96f-5bee15e4fbf7"",""4d3627bf-928e-4490-842b-111a812a739b"",""4b0ccac0-e708-4000-aa9e-206de6a74f45"",""27da5749-68f5-4bf5-a085-6833bdc565fb""]",859813,complete,tokens,"[""3e0b7f57-4827-405d-9b43-f6065549c449"",""e05a07f1-b355-4279-865d-b402012d0b50"",""366b03f1-7141-466a-a96f-5bee15e4fbf7"",""4d3627bf-928e-4490-842b-111a812a739b"",""4b0ccac0-e708-4000-aa9e-206de6a74f45"",""27da5749-68f5-4bf5-a085-6833bdc565fb""]",859813,,ef1b43fc-5106-4471-9e00-d9f7ae5a3bec,observed,s,443.289813534,decimal,6,83921993-d57b-4192-9eac-70f2b859971e,c43908eb-5b53-43a6-a346-1431d2272808,2026-10-07T15:21:55.593248Z,complete,terminal,,F derived from result binding bb20e85dee1eb78435a629b7e441f5701d0eaaef874d1fee628be113269e969e,observed,F,1,text,sealed,finished,M7 exact derivation,observed,diagnoses,0,M7 exact derivation,observed,lines,53,1,0,M7 exact derivation,observed,diagnoses_per_100_lines,0,True,mixed: explicit per observation
M7-analysis-v5,0c44d85c-d8d9-572f-b0cb-1e52983adc6c,3,316abc7801e345a7bed7064176878bd4a1961ca560b3a2cd3b43313c78f9bd45,E-P0R0,9992b253f08c976bf150bcd89ccfc9db54f8a1fda58ea3f4fad386b27c7c4138,c06be457-9745-422d-9d69-c0fa9cd7e0d5,dbb63e68d4ed9e904fa985aa5b88d674205b6caab086a8d981ac8918a9c68fb5,"[""4afc763c-033e-501c-9c9c-453207d31e62"",""1fed9611-d0cc-51e5-86e7-4ba237c836a2"",""0e4d4039-5409-5be7-a300-ded85e9c22d7"",""1c4afc6f-6679-57b7-ab6b-cec3053e85a1"",""76216ff6-0dab-5f43-913f-741c2deb7596"",""fe7c5fea-171a-5d3e-b93c-b9d53dca7c67"",""784c942d-b222-5013-a2e4-de4aa477a143"",""2f2d84f4-6f41-5df7-a828-cc0a3d9cdddf"",""c68f6332-f200-5595-940d-e5bcad78f1fe"",""54c3aba8-cb42-5023-9591-5cdd68bdd7c5"",""b9ac296e-4c6c-5cdc-9e03-14868c124af2"",""022ddff9-4332-5ba5-b884-42537f220a0c"",""0d262496-18e1-5973-84a6-84fbda64d0ff"",""447860c8-1d56-518b-88ad-7e103990b756"",""616ecfda-7163-5a8d-ba60-01f623d8b124"",""656bacfc-b102-5379-8db2-2f9f127621e0"",""88f2e658-6155-5924-bc85-63fe2aabb08a"",""9f032fb3-90ca-5749-aff5-1065077ac10e"",""4d2e4005-a84b-525b-a492-d367c5e405d0"",""12b20e20-e117-5c00-83bc-e589b92b730e"",""e97a5398-37b9-5e89-91a9-9b3ae48d9534"",""7a8f92c5-5f85-593a-bf90-08e13c60a2e6"",""aa66f5e3-ac0e-57d6-9b69-aa54ea7c4fb9"",""d07b7490-853e-562b-b662-305e89e7718d"",""596c0800-372d-5056-8a35-9f8661656bf4"",""d08816e6-d4d6-5f35-9de3-d86528fa7a96"",""2e126757-f17e-5ee2-93db-94d31ed944b2"",""5e1af4e2-330f-563f-b639-2d3cd8d276c8"",""49cd1889-2a56-5913-8723-929335f68874"",""82b898ba-3b6d-567f-8996-4f259b74547e"",""d38eb7d2-e78b-5c2f-93e4-2e34846e80e6"",""33effc64-dcfe-5ced-badf-c4df49f68dc1"",""a3a03b99-34c0-504b-b529-32b798db318a"",""8b3ec7b0-123f-5597-95f7-1fafc5810d01"",""035c5442-19b8-5a84-8a59-b352a9660279"",""d6d45010-72fa-5741-b733-88958a8795d2"",""ab8215e5-b753-5a6a-a4e7-ad9caf42eeac"",""1b20061c-b208-551a-b06c-81ffeff623fc"",""9b6d0913-2ae6-5dab-ab36-d05e1c51b208"",""a27c1fb2-edc1-57e6-9d74-adb5a13fed3b"",""4696448b-8c21-591b-80cc-7344ea0b95ec"",""c1d75a33-928c-5636-b99c-def1fb29e0f5"",""61eebfb6-2555-5bce-ba71-7a750427392a"",""aba074a1-d451-595d-bc12-e257adbe7383"",""1ca34094-ee4d-5962-a78a-174d361a9cd3"",""7edb0577-da07-5c6f-8391-bb90e9822165"",""d7c5d484-54dc-5d1e-a3ac-65d60267a12c"",""f416cc8b-3bc2-5c4c-a91c-c56faf748684""]",1,1,M7 exact derivation,observed,ratio,1,M7 exact derivation,observed,binary,1,M7 exact derivation,observed,binary,1,M7 exact derivation,observed,binary,1,M7 exact derivation,observed,binary,1,M7 exact derivation,observed,binary,1,M7 exact derivation,observed,binary,1,M7 exact derivation,observed,binary,1,,M6-evaluator-v1,observed,binary,1,decimal,,Menschliche lokale Selbstauskunft,observed,binary,1,decimal,,Menschliche lokale Selbstauskunft,observed,binary,1,decimal,,Menschliche lokale Selbstauskunft,observed,binary,1,decimal,,M6-evaluator-v1,observed,binary,1,decimal,M7 exact derivation,observed,binary,1,49cd1889-2a56-5913-8723-929335f68874,True,,29,Not collected,not_collected,s,,4,Not collected,not_collected,s,,0.076705325,USD,0.076705325,known,Not collected,not_collected,s,,Not collected,not_collected,s,,Not collected,not_collected,s,,Not collected,not_collected,s,,,82a69edd-d22e-4ef5-bcde-975e35f17e6a,observed,s,0,decimal,,82a69edd-d22e-4ef5-bcde-975e35f17e6a,observed,s,0,decimal,,82a69edd-d22e-4ef5-bcde-975e35f17e6a,observed,s,392.020497262,decimal,1,Not collected,not_collected,s,,Not collected,not_collected,s,,"[""0d1e5c4d-a25e-471d-8f18-021f5972284f"",""d02d2f0e-0d75-41aa-bba8-ac3eb874ea76"",""dcd6a92a-471c-4af3-8c63-871af7c61c7e"",""74bed652-b234-498c-a89d-d8c145b1db3e""]",0,complete,tokens,"[""0d1e5c4d-a25e-471d-8f18-021f5972284f"",""d02d2f0e-0d75-41aa-bba8-ac3eb874ea76"",""dcd6a92a-471c-4af3-8c63-871af7c61c7e"",""74bed652-b234-498c-a89d-d8c145b1db3e""]",0,"[""0d1e5c4d-a25e-471d-8f18-021f5972284f"",""d02d2f0e-0d75-41aa-bba8-ac3eb874ea76"",""dcd6a92a-471c-4af3-8c63-871af7c61c7e"",""74bed652-b234-498c-a89d-d8c145b1db3e""]",566369,complete,tokens,"[""0d1e5c4d-a25e-471d-8f18-021f5972284f"",""d02d2f0e-0d75-41aa-bba8-ac3eb874ea76"",""dcd6a92a-471c-4af3-8c63-871af7c61c7e"",""74bed652-b234-498c-a89d-d8c145b1db3e""]",566369,"[""0d1e5c4d-a25e-471d-8f18-021f5972284f"",""d02d2f0e-0d75-41aa-bba8-ac3eb874ea76"",""dcd6a92a-471c-4af3-8c63-871af7c61c7e"",""74bed652-b234-498c-a89d-d8c145b1db3e""]",566381,complete,tokens,"[""0d1e5c4d-a25e-471d-8f18-021f5972284f"",""d02d2f0e-0d75-41aa-bba8-ac3eb874ea76"",""dcd6a92a-471c-4af3-8c63-871af7c61c7e"",""74bed652-b234-498c-a89d-d8c145b1db3e""]",566381,"[""0d1e5c4d-a25e-471d-8f18-021f5972284f"",""d02d2f0e-0d75-41aa-bba8-ac3eb874ea76"",""dcd6a92a-471c-4af3-8c63-871af7c61c7e"",""74bed652-b234-498c-a89d-d8c145b1db3e""]",,missing,tokens,[],,"[""0d1e5c4d-a25e-471d-8f18-021f5972284f"",""d02d2f0e-0d75-41aa-bba8-ac3eb874ea76"",""dcd6a92a-471c-4af3-8c63-871af7c61c7e"",""74bed652-b234-498c-a89d-d8c145b1db3e""]",11816,complete,tokens,"[""0d1e5c4d-a25e-471d-8f18-021f5972284f"",""d02d2f0e-0d75-41aa-bba8-ac3eb874ea76"",""dcd6a92a-471c-4af3-8c63-871af7c61c7e"",""74bed652-b234-498c-a89d-d8c145b1db3e""]",11816,"[""0d1e5c4d-a25e-471d-8f18-021f5972284f"",""d02d2f0e-0d75-41aa-bba8-ac3eb874ea76"",""dcd6a92a-471c-4af3-8c63-871af7c61c7e"",""74bed652-b234-498c-a89d-d8c145b1db3e""]",5556,complete,tokens,"[""0d1e5c4d-a25e-471d-8f18-021f5972284f"",""d02d2f0e-0d75-41aa-bba8-ac3eb874ea76"",""dcd6a92a-471c-4af3-8c63-871af7c61c7e"",""74bed652-b234-498c-a89d-d8c145b1db3e""]",5556,"[""0d1e5c4d-a25e-471d-8f18-021f5972284f"",""d02d2f0e-0d75-41aa-bba8-ac3eb874ea76"",""dcd6a92a-471c-4af3-8c63-871af7c61c7e"",""74bed652-b234-498c-a89d-d8c145b1db3e""]",578197,complete,tokens,"[""0d1e5c4d-a25e-471d-8f18-021f5972284f"",""d02d2f0e-0d75-41aa-bba8-ac3eb874ea76"",""dcd6a92a-471c-4af3-8c63-871af7c61c7e"",""74bed652-b234-498c-a89d-d8c145b1db3e""]",578197,,82a69edd-d22e-4ef5-bcde-975e35f17e6a,observed,s,392.020497262,decimal,4,a3c586a7-dba2-4647-8473-c9ec4cdaf1e5,4933e26d-ad2e-4207-9a82-5b31f7ac3ae8,2026-10-07T15:38:05.047880Z,complete,terminal,,F derived from result binding 9e8e0e6eb004ab99a0e04e24e36e114630c515db6aa67e0d9806a8a1634e3913,observed,F,1,text,sealed,content_failure,M7 exact derivation,observed,diagnoses,0,M7 exact derivation,observed,lines,42,1,0,M7 exact derivation,observed,diagnoses_per_100_lines,0,True,mixed: explicit per observation
M7-analysis-v5,0c44d85c-d8d9-572f-b0cb-1e52983adc6c,3,aafe24517e0c42aa10d7d213c640f9c2eafe82ec719a9d17b9b7df300a79e751,C-UP-1,697a8773c39d3aeb811def2802fdfd50db20dd75d55c50f4e8cf44982a79f651,8e15ece0-8ea4-4d53-b1a9-80d5a0796af7,dbb63e68d4ed9e904fa985aa5b88d674205b6caab086a8d981ac8918a9c68fb5,"[""4afc763c-033e-501c-9c9c-453207d31e62"",""1fed9611-d0cc-51e5-86e7-4ba237c836a2"",""0e4d4039-5409-5be7-a300-ded85e9c22d7"",""1c4afc6f-6679-57b7-ab6b-cec3053e85a1"",""76216ff6-0dab-5f43-913f-741c2deb7596"",""fe7c5fea-171a-5d3e-b93c-b9d53dca7c67"",""784c942d-b222-5013-a2e4-de4aa477a143"",""2f2d84f4-6f41-5df7-a828-cc0a3d9cdddf"",""c68f6332-f200-5595-940d-e5bcad78f1fe"",""54c3aba8-cb42-5023-9591-5cdd68bdd7c5"",""b9ac296e-4c6c-5cdc-9e03-14868c124af2"",""022ddff9-4332-5ba5-b884-42537f220a0c"",""0d262496-18e1-5973-84a6-84fbda64d0ff"",""447860c8-1d56-518b-88ad-7e103990b756"",""616ecfda-7163-5a8d-ba60-01f623d8b124"",""656bacfc-b102-5379-8db2-2f9f127621e0"",""88f2e658-6155-5924-bc85-63fe2aabb08a"",""9f032fb3-90ca-5749-aff5-1065077ac10e"",""4d2e4005-a84b-525b-a492-d367c5e405d0"",""12b20e20-e117-5c00-83bc-e589b92b730e"",""e97a5398-37b9-5e89-91a9-9b3ae48d9534"",""7a8f92c5-5f85-593a-bf90-08e13c60a2e6"",""aa66f5e3-ac0e-57d6-9b69-aa54ea7c4fb9"",""d07b7490-853e-562b-b662-305e89e7718d"",""596c0800-372d-5056-8a35-9f8661656bf4"",""d08816e6-d4d6-5f35-9de3-d86528fa7a96"",""2e126757-f17e-5ee2-93db-94d31ed944b2"",""5e1af4e2-330f-563f-b639-2d3cd8d276c8"",""49cd1889-2a56-5913-8723-929335f68874"",""82b898ba-3b6d-567f-8996-4f259b74547e"",""d38eb7d2-e78b-5c2f-93e4-2e34846e80e6"",""33effc64-dcfe-5ced-badf-c4df49f68dc1"",""a3a03b99-34c0-504b-b529-32b798db318a"",""8b3ec7b0-123f-5597-95f7-1fafc5810d01"",""035c5442-19b8-5a84-8a59-b352a9660279"",""d6d45010-72fa-5741-b733-88958a8795d2"",""ab8215e5-b753-5a6a-a4e7-ad9caf42eeac"",""1b20061c-b208-551a-b06c-81ffeff623fc"",""9b6d0913-2ae6-5dab-ab36-d05e1c51b208"",""a27c1fb2-edc1-57e6-9d74-adb5a13fed3b"",""4696448b-8c21-591b-80cc-7344ea0b95ec"",""c1d75a33-928c-5636-b99c-def1fb29e0f5"",""61eebfb6-2555-5bce-ba71-7a750427392a"",""aba074a1-d451-595d-bc12-e257adbe7383"",""1ca34094-ee4d-5962-a78a-174d361a9cd3"",""7edb0577-da07-5c6f-8391-bb90e9822165"",""d7c5d484-54dc-5d1e-a3ac-65d60267a12c"",""f416cc8b-3bc2-5c4c-a91c-c56faf748684""]",3,1,M7 exact derivation,observed,ratio,1/3,M7 exact derivation,observed,binary,1,M7 exact derivation,observed,binary,0,M7 exact derivation,observed,binary,0,M7 exact derivation,observed,binary,1,M7 exact derivation,observed,binary,0,M7 exact derivation,observed,binary,0,M7 exact derivation,observed,binary,1,,M6-evaluator-v1,observed,binary,1,decimal,,Menschliche lokale Selbstauskunft,observed,binary,1,decimal,,Menschliche lokale Selbstauskunft,observed,binary,1,decimal,,Menschliche lokale Selbstauskunft,observed,binary,1,decimal,,M6-evaluator-v1,observed,binary,1,decimal,M7 exact derivation,observed,binary,0,82b898ba-3b6d-567f-8996-4f259b74547e,True,,30,Not collected,not_collected,s,,6,Not collected,not_collected,s,,0.117796550,USD,0.117796550,known,Not collected,not_collected,s,,Not collected,not_collected,s,,Not collected,not_collected,s,,Not collected,not_collected,s,,,a5a9c12a-25e2-4716-9ee3-21b9aaace38e,observed,s,0,decimal,,a5a9c12a-25e2-4716-9ee3-21b9aaace38e,observed,s,0,decimal,,a5a9c12a-25e2-4716-9ee3-21b9aaace38e,observed,s,482.295919095,decimal,1,Not collected,not_collected,s,,Not collected,not_collected,s,,"[""29423bfb-14fe-49f4-a302-dec3be06611c"",""9a5e2bdc-f289-435a-bcc5-ffe923356d5b"",""e1f351e9-4273-40d1-93cd-3ca0e9ba8a6b"",""8a8b1105-0a2d-41a9-a02e-4c051556f0fe"",""66611905-90a5-4af0-aac0-1e64e68581e1"",""6fe54d4e-ba72-4f8a-ae6f-be157b7d4fd9""]",0,complete,tokens,"[""29423bfb-14fe-49f4-a302-dec3be06611c"",""9a5e2bdc-f289-435a-bcc5-ffe923356d5b"",""e1f351e9-4273-40d1-93cd-3ca0e9ba8a6b"",""8a8b1105-0a2d-41a9-a02e-4c051556f0fe"",""66611905-90a5-4af0-aac0-1e64e68581e1"",""6fe54d4e-ba72-4f8a-ae6f-be157b7d4fd9""]",0,"[""29423bfb-14fe-49f4-a302-dec3be06611c"",""9a5e2bdc-f289-435a-bcc5-ffe923356d5b"",""e1f351e9-4273-40d1-93cd-3ca0e9ba8a6b"",""8a8b1105-0a2d-41a9-a02e-4c051556f0fe"",""66611905-90a5-4af0-aac0-1e64e68581e1"",""6fe54d4e-ba72-4f8a-ae6f-be157b7d4fd9""]",859078,complete,tokens,"[""29423bfb-14fe-49f4-a302-dec3be06611c"",""9a5e2bdc-f289-435a-bcc5-ffe923356d5b"",""e1f351e9-4273-40d1-93cd-3ca0e9ba8a6b"",""8a8b1105-0a2d-41a9-a02e-4c051556f0fe"",""66611905-90a5-4af0-aac0-1e64e68581e1"",""6fe54d4e-ba72-4f8a-ae6f-be157b7d4fd9""]",859078,"[""29423bfb-14fe-49f4-a302-dec3be06611c"",""9a5e2bdc-f289-435a-bcc5-ffe923356d5b"",""e1f351e9-4273-40d1-93cd-3ca0e9ba8a6b"",""8a8b1105-0a2d-41a9-a02e-4c051556f0fe"",""66611905-90a5-4af0-aac0-1e64e68581e1"",""6fe54d4e-ba72-4f8a-ae6f-be157b7d4fd9""]",859096,complete,tokens,"[""29423bfb-14fe-49f4-a302-dec3be06611c"",""9a5e2bdc-f289-435a-bcc5-ffe923356d5b"",""e1f351e9-4273-40d1-93cd-3ca0e9ba8a6b"",""8a8b1105-0a2d-41a9-a02e-4c051556f0fe"",""66611905-90a5-4af0-aac0-1e64e68581e1"",""6fe54d4e-ba72-4f8a-ae6f-be157b7d4fd9""]",859096,"[""29423bfb-14fe-49f4-a302-dec3be06611c"",""9a5e2bdc-f289-435a-bcc5-ffe923356d5b"",""e1f351e9-4273-40d1-93cd-3ca0e9ba8a6b"",""8a8b1105-0a2d-41a9-a02e-4c051556f0fe"",""66611905-90a5-4af0-aac0-1e64e68581e1"",""6fe54d4e-ba72-4f8a-ae6f-be157b7d4fd9""]",,missing,tokens,[],,"[""29423bfb-14fe-49f4-a302-dec3be06611c"",""9a5e2bdc-f289-435a-bcc5-ffe923356d5b"",""e1f351e9-4273-40d1-93cd-3ca0e9ba8a6b"",""8a8b1105-0a2d-41a9-a02e-4c051556f0fe"",""66611905-90a5-4af0-aac0-1e64e68581e1"",""6fe54d4e-ba72-4f8a-ae6f-be157b7d4fd9""]",20820,complete,tokens,"[""29423bfb-14fe-49f4-a302-dec3be06611c"",""9a5e2bdc-f289-435a-bcc5-ffe923356d5b"",""e1f351e9-4273-40d1-93cd-3ca0e9ba8a6b"",""8a8b1105-0a2d-41a9-a02e-4c051556f0fe"",""66611905-90a5-4af0-aac0-1e64e68581e1"",""6fe54d4e-ba72-4f8a-ae6f-be157b7d4fd9""]",20820,"[""29423bfb-14fe-49f4-a302-dec3be06611c"",""9a5e2bdc-f289-435a-bcc5-ffe923356d5b"",""e1f351e9-4273-40d1-93cd-3ca0e9ba8a6b"",""8a8b1105-0a2d-41a9-a02e-4c051556f0fe"",""66611905-90a5-4af0-aac0-1e64e68581e1"",""6fe54d4e-ba72-4f8a-ae6f-be157b7d4fd9""]",11011,complete,tokens,"[""29423bfb-14fe-49f4-a302-dec3be06611c"",""9a5e2bdc-f289-435a-bcc5-ffe923356d5b"",""e1f351e9-4273-40d1-93cd-3ca0e9ba8a6b"",""8a8b1105-0a2d-41a9-a02e-4c051556f0fe"",""66611905-90a5-4af0-aac0-1e64e68581e1"",""6fe54d4e-ba72-4f8a-ae6f-be157b7d4fd9""]",11011,"[""29423bfb-14fe-49f4-a302-dec3be06611c"",""9a5e2bdc-f289-435a-bcc5-ffe923356d5b"",""e1f351e9-4273-40d1-93cd-3ca0e9ba8a6b"",""8a8b1105-0a2d-41a9-a02e-4c051556f0fe"",""66611905-90a5-4af0-aac0-1e64e68581e1"",""6fe54d4e-ba72-4f8a-ae6f-be157b7d4fd9""]",879916,complete,tokens,"[""29423bfb-14fe-49f4-a302-dec3be06611c"",""9a5e2bdc-f289-435a-bcc5-ffe923356d5b"",""e1f351e9-4273-40d1-93cd-3ca0e9ba8a6b"",""8a8b1105-0a2d-41a9-a02e-4c051556f0fe"",""66611905-90a5-4af0-aac0-1e64e68581e1"",""6fe54d4e-ba72-4f8a-ae6f-be157b7d4fd9""]",879916,,a5a9c12a-25e2-4716-9ee3-21b9aaace38e,observed,s,482.295919095,decimal,6,c0d5b7eb-7f69-4787-8e55-d41af4ffdcab,664f9dcc-2388-4c74-b12c-4d71a358dc9e,2026-10-07T15:56:21.562968Z,complete,terminal,,F derived from result binding b5e9798e1026aeed33df76c0bad8eca2a8840b11451d7e3e2f400f3b5950ed38,observed,F,1/3,text,sealed,content_failure,M7 exact derivation,observed,diagnoses,7,M7 exact derivation,observed,lines,128,32,175,M7 exact derivation,observed,diagnoses_per_100_lines,175/32,True,mixed: explicit per observation
M7-analysis-v5,0c44d85c-d8d9-572f-b0cb-1e52983adc6c,3,16df8fd5c75e6555e176c2af2952b61e14007c9e5197ba7a07bde1664a3af864,E-P0R1,672365878648f984edbe331765fbaca28450124b7e3695518e4c97c917409fb1,42edf356-9e72-44ce-9889-267b2eb71de0,dbb63e68d4ed9e904fa985aa5b88d674205b6caab086a8d981ac8918a9c68fb5,"[""4afc763c-033e-501c-9c9c-453207d31e62"",""1fed9611-d0cc-51e5-86e7-4ba237c836a2"",""0e4d4039-5409-5be7-a300-ded85e9c22d7"",""1c4afc6f-6679-57b7-ab6b-cec3053e85a1"",""76216ff6-0dab-5f43-913f-741c2deb7596"",""fe7c5fea-171a-5d3e-b93c-b9d53dca7c67"",""784c942d-b222-5013-a2e4-de4aa477a143"",""2f2d84f4-6f41-5df7-a828-cc0a3d9cdddf"",""c68f6332-f200-5595-940d-e5bcad78f1fe"",""54c3aba8-cb42-5023-9591-5cdd68bdd7c5"",""b9ac296e-4c6c-5cdc-9e03-14868c124af2"",""022ddff9-4332-5ba5-b884-42537f220a0c"",""0d262496-18e1-5973-84a6-84fbda64d0ff"",""447860c8-1d56-518b-88ad-7e103990b756"",""616ecfda-7163-5a8d-ba60-01f623d8b124"",""656bacfc-b102-5379-8db2-2f9f127621e0"",""88f2e658-6155-5924-bc85-63fe2aabb08a"",""9f032fb3-90ca-5749-aff5-1065077ac10e"",""4d2e4005-a84b-525b-a492-d367c5e405d0"",""12b20e20-e117-5c00-83bc-e589b92b730e"",""e97a5398-37b9-5e89-91a9-9b3ae48d9534"",""7a8f92c5-5f85-593a-bf90-08e13c60a2e6"",""aa66f5e3-ac0e-57d6-9b69-aa54ea7c4fb9"",""d07b7490-853e-562b-b662-305e89e7718d"",""596c0800-372d-5056-8a35-9f8661656bf4"",""d08816e6-d4d6-5f35-9de3-d86528fa7a96"",""2e126757-f17e-5ee2-93db-94d31ed944b2"",""5e1af4e2-330f-563f-b639-2d3cd8d276c8"",""49cd1889-2a56-5913-8723-929335f68874"",""82b898ba-3b6d-567f-8996-4f259b74547e"",""d38eb7d2-e78b-5c2f-93e4-2e34846e80e6"",""33effc64-dcfe-5ced-badf-c4df49f68dc1"",""a3a03b99-34c0-504b-b529-32b798db318a"",""8b3ec7b0-123f-5597-95f7-1fafc5810d01"",""035c5442-19b8-5a84-8a59-b352a9660279"",""d6d45010-72fa-5741-b733-88958a8795d2"",""ab8215e5-b753-5a6a-a4e7-ad9caf42eeac"",""1b20061c-b208-551a-b06c-81ffeff623fc"",""9b6d0913-2ae6-5dab-ab36-d05e1c51b208"",""a27c1fb2-edc1-57e6-9d74-adb5a13fed3b"",""4696448b-8c21-591b-80cc-7344ea0b95ec"",""c1d75a33-928c-5636-b99c-def1fb29e0f5"",""61eebfb6-2555-5bce-ba71-7a750427392a"",""aba074a1-d451-595d-bc12-e257adbe7383"",""1ca34094-ee4d-5962-a78a-174d361a9cd3"",""7edb0577-da07-5c6f-8391-bb90e9822165"",""d7c5d484-54dc-5d1e-a3ac-65d60267a12c"",""f416cc8b-3bc2-5c4c-a91c-c56faf748684""]",1,1,M7 exact derivation,observed,ratio,1,M7 exact derivation,observed,binary,1,M7 exact derivation,observed,binary,1,M7 exact derivation,observed,binary,1,M7 exact derivation,observed,binary,1,M7 exact derivation,observed,binary,1,M7 exact derivation,observed,binary,1,M7 exact derivation,observed,binary,1,,M6-evaluator-v1,observed,binary,1,decimal,,Menschliche lokale Selbstauskunft,observed,binary,1,decimal,,Menschliche lokale Selbstauskunft,observed,binary,1,decimal,,Menschliche lokale Selbstauskunft,observed,binary,1,decimal,,M6-evaluator-v1,observed,binary,1,decimal,M7 exact derivation,observed,binary,1,d38eb7d2-e78b-5c2f-93e4-2e34846e80e6,True,,31,Not collected,not_collected,s,,5,Not collected,not_collected,s,,0.095527750,USD,0.095527750,known,Not collected,not_collected,s,,Not collected,not_collected,s,,Not collected,not_collected,s,,Not collected,not_collected,s,,,97a9a6a9-af9b-41c5-8c3e-1d3b31182432,observed,s,0,decimal,,97a9a6a9-af9b-41c5-8c3e-1d3b31182432,observed,s,0,decimal,,97a9a6a9-af9b-41c5-8c3e-1d3b31182432,observed,s,409.821058979,decimal,1,Not collected,not_collected,s,,Not collected,not_collected,s,,"[""9c59621d-07f6-4c23-a1e1-56e5532a1d3e"",""53f2a6a1-73ef-41d2-92ec-5ea418a5f9d0"",""c2e42496-b07e-411b-a325-f866b6bf216c"",""7ba88dd2-c09b-4e9e-b326-839a798780f1"",""c6074b79-8442-4d4a-9eaa-a13b33d9b2d2""]",0,complete,tokens,"[""9c59621d-07f6-4c23-a1e1-56e5532a1d3e"",""53f2a6a1-73ef-41d2-92ec-5ea418a5f9d0"",""c2e42496-b07e-411b-a325-f866b6bf216c"",""7ba88dd2-c09b-4e9e-b326-839a798780f1"",""c6074b79-8442-4d4a-9eaa-a13b33d9b2d2""]",0,"[""9c59621d-07f6-4c23-a1e1-56e5532a1d3e"",""53f2a6a1-73ef-41d2-92ec-5ea418a5f9d0"",""c2e42496-b07e-411b-a325-f866b6bf216c"",""7ba88dd2-c09b-4e9e-b326-839a798780f1"",""c6074b79-8442-4d4a-9eaa-a13b33d9b2d2""]",714714,complete,tokens,"[""9c59621d-07f6-4c23-a1e1-56e5532a1d3e"",""53f2a6a1-73ef-41d2-92ec-5ea418a5f9d0"",""c2e42496-b07e-411b-a325-f866b6bf216c"",""7ba88dd2-c09b-4e9e-b326-839a798780f1"",""c6074b79-8442-4d4a-9eaa-a13b33d9b2d2""]",714714,"[""9c59621d-07f6-4c23-a1e1-56e5532a1d3e"",""53f2a6a1-73ef-41d2-92ec-5ea418a5f9d0"",""c2e42496-b07e-411b-a325-f866b6bf216c"",""7ba88dd2-c09b-4e9e-b326-839a798780f1"",""c6074b79-8442-4d4a-9eaa-a13b33d9b2d2""]",714729,complete,tokens,"[""9c59621d-07f6-4c23-a1e1-56e5532a1d3e"",""53f2a6a1-73ef-41d2-92ec-5ea418a5f9d0"",""c2e42496-b07e-411b-a325-f866b6bf216c"",""7ba88dd2-c09b-4e9e-b326-839a798780f1"",""c6074b79-8442-4d4a-9eaa-a13b33d9b2d2""]",714729,"[""9c59621d-07f6-4c23-a1e1-56e5532a1d3e"",""53f2a6a1-73ef-41d2-92ec-5ea418a5f9d0"",""c2e42496-b07e-411b-a325-f866b6bf216c"",""7ba88dd2-c09b-4e9e-b326-839a798780f1"",""c6074b79-8442-4d4a-9eaa-a13b33d9b2d2""]",,missing,tokens,[],,"[""9c59621d-07f6-4c23-a1e1-56e5532a1d3e"",""53f2a6a1-73ef-41d2-92ec-5ea418a5f9d0"",""c2e42496-b07e-411b-a325-f866b6bf216c"",""7ba88dd2-c09b-4e9e-b326-839a798780f1"",""c6074b79-8442-4d4a-9eaa-a13b33d9b2d2""]",12374,complete,tokens,"[""9c59621d-07f6-4c23-a1e1-56e5532a1d3e"",""53f2a6a1-73ef-41d2-92ec-5ea418a5f9d0"",""c2e42496-b07e-411b-a325-f866b6bf216c"",""7ba88dd2-c09b-4e9e-b326-839a798780f1"",""c6074b79-8442-4d4a-9eaa-a13b33d9b2d2""]",12374,"[""9c59621d-07f6-4c23-a1e1-56e5532a1d3e"",""53f2a6a1-73ef-41d2-92ec-5ea418a5f9d0"",""c2e42496-b07e-411b-a325-f866b6bf216c"",""7ba88dd2-c09b-4e9e-b326-839a798780f1"",""c6074b79-8442-4d4a-9eaa-a13b33d9b2d2""]",6117,complete,tokens,"[""9c59621d-07f6-4c23-a1e1-56e5532a1d3e"",""53f2a6a1-73ef-41d2-92ec-5ea418a5f9d0"",""c2e42496-b07e-411b-a325-f866b6bf216c"",""7ba88dd2-c09b-4e9e-b326-839a798780f1"",""c6074b79-8442-4d4a-9eaa-a13b33d9b2d2""]",6117,"[""9c59621d-07f6-4c23-a1e1-56e5532a1d3e"",""53f2a6a1-73ef-41d2-92ec-5ea418a5f9d0"",""c2e42496-b07e-411b-a325-f866b6bf216c"",""7ba88dd2-c09b-4e9e-b326-839a798780f1"",""c6074b79-8442-4d4a-9eaa-a13b33d9b2d2""]",727103,complete,tokens,"[""9c59621d-07f6-4c23-a1e1-56e5532a1d3e"",""53f2a6a1-73ef-41d2-92ec-5ea418a5f9d0"",""c2e42496-b07e-411b-a325-f866b6bf216c"",""7ba88dd2-c09b-4e9e-b326-839a798780f1"",""c6074b79-8442-4d4a-9eaa-a13b33d9b2d2""]",727103,,97a9a6a9-af9b-41c5-8c3e-1d3b31182432,observed,s,409.821058979,decimal,5,a7c714ed-7f98-4b74-b481-8fc9add30268,0a3d7540-d17c-469b-80fe-245b407091e2,2026-10-07T16:13:51.422545Z,complete,terminal,,F derived from result binding 4fa201d8c870b3e6da366000a5d54d139a0e56ffb1ea2736c7716a9c71235225,observed,F,1,text,sealed,finished,M7 exact derivation,observed,diagnoses,0,M7 exact derivation,observed,lines,36,1,0,M7 exact derivation,observed,diagnoses_per_100_lines,0,True,mixed: explicit per observation
M7-analysis-v5,0c44d85c-d8d9-572f-b0cb-1e52983adc6c,3,3364aaff15489d73e0f438972fb88f9fcc3ecc893f96ede62a2565a1fe2e5f5d,C-UP-0,c9b1cb0ac1f796fd7d6ed58a0ff22c16832977bd6a97c5a7afbce6e1adc06824,bc62af86-8509-48fe-a3bb-42e1d77fa60f,dbb63e68d4ed9e904fa985aa5b88d674205b6caab086a8d981ac8918a9c68fb5,"[""4afc763c-033e-501c-9c9c-453207d31e62"",""1fed9611-d0cc-51e5-86e7-4ba237c836a2"",""0e4d4039-5409-5be7-a300-ded85e9c22d7"",""1c4afc6f-6679-57b7-ab6b-cec3053e85a1"",""76216ff6-0dab-5f43-913f-741c2deb7596"",""fe7c5fea-171a-5d3e-b93c-b9d53dca7c67"",""784c942d-b222-5013-a2e4-de4aa477a143"",""2f2d84f4-6f41-5df7-a828-cc0a3d9cdddf"",""c68f6332-f200-5595-940d-e5bcad78f1fe"",""54c3aba8-cb42-5023-9591-5cdd68bdd7c5"",""b9ac296e-4c6c-5cdc-9e03-14868c124af2"",""022ddff9-4332-5ba5-b884-42537f220a0c"",""0d262496-18e1-5973-84a6-84fbda64d0ff"",""447860c8-1d56-518b-88ad-7e103990b756"",""616ecfda-7163-5a8d-ba60-01f623d8b124"",""656bacfc-b102-5379-8db2-2f9f127621e0"",""88f2e658-6155-5924-bc85-63fe2aabb08a"",""9f032fb3-90ca-5749-aff5-1065077ac10e"",""4d2e4005-a84b-525b-a492-d367c5e405d0"",""12b20e20-e117-5c00-83bc-e589b92b730e"",""e97a5398-37b9-5e89-91a9-9b3ae48d9534"",""7a8f92c5-5f85-593a-bf90-08e13c60a2e6"",""aa66f5e3-ac0e-57d6-9b69-aa54ea7c4fb9"",""d07b7490-853e-562b-b662-305e89e7718d"",""596c0800-372d-5056-8a35-9f8661656bf4"",""d08816e6-d4d6-5f35-9de3-d86528fa7a96"",""2e126757-f17e-5ee2-93db-94d31ed944b2"",""5e1af4e2-330f-563f-b639-2d3cd8d276c8"",""49cd1889-2a56-5913-8723-929335f68874"",""82b898ba-3b6d-567f-8996-4f259b74547e"",""d38eb7d2-e78b-5c2f-93e4-2e34846e80e6"",""33effc64-dcfe-5ced-badf-c4df49f68dc1"",""a3a03b99-34c0-504b-b529-32b798db318a"",""8b3ec7b0-123f-5597-95f7-1fafc5810d01"",""035c5442-19b8-5a84-8a59-b352a9660279"",""d6d45010-72fa-5741-b733-88958a8795d2"",""ab8215e5-b753-5a6a-a4e7-ad9caf42eeac"",""1b20061c-b208-551a-b06c-81ffeff623fc"",""9b6d0913-2ae6-5dab-ab36-d05e1c51b208"",""a27c1fb2-edc1-57e6-9d74-adb5a13fed3b"",""4696448b-8c21-591b-80cc-7344ea0b95ec"",""c1d75a33-928c-5636-b99c-def1fb29e0f5"",""61eebfb6-2555-5bce-ba71-7a750427392a"",""aba074a1-d451-595d-bc12-e257adbe7383"",""1ca34094-ee4d-5962-a78a-174d361a9cd3"",""7edb0577-da07-5c6f-8391-bb90e9822165"",""d7c5d484-54dc-5d1e-a3ac-65d60267a12c"",""f416cc8b-3bc2-5c4c-a91c-c56faf748684""]",1,1,M7 exact derivation,observed,ratio,1,M7 exact derivation,observed,binary,1,M7 exact derivation,observed,binary,1,M7 exact derivation,observed,binary,1,M7 exact derivation,observed,binary,1,M7 exact derivation,observed,binary,1,M7 exact derivation,observed,binary,1,M7 exact derivation,observed,binary,1,,M6-evaluator-v1,observed,binary,1,decimal,,Menschliche lokale Selbstauskunft,observed,binary,1,decimal,,Menschliche lokale Selbstauskunft,observed,binary,1,decimal,,Menschliche lokale Selbstauskunft,observed,binary,1,decimal,,M6-evaluator-v1,observed,binary,1,decimal,M7 exact derivation,observed,binary,1,33effc64-dcfe-5ced-badf-c4df49f68dc1,True,,32,Not collected,not_collected,s,,6,Not collected,not_collected,s,,0.119661050,USD,0.119661050,known,Not collected,not_collected,s,,Not collected,not_collected,s,,Not collected,not_collected,s,,Not collected,not_collected,s,,,fb012ef2-30d5-4d24-a633-a5c81937ab4c,observed,s,0,decimal,,fb012ef2-30d5-4d24-a633-a5c81937ab4c,observed,s,0,decimal,,fb012ef2-30d5-4d24-a633-a5c81937ab4c,observed,s,652.287849465,decimal,1,Not collected,not_collected,s,,Not collected,not_collected,s,,"[""a8c9824d-d78b-49ec-a371-57f35af5f802"",""5039b6e3-1abc-49cd-be62-6d039ac33ef6"",""a5803986-5c6c-43c7-a928-0dfadf3258ca"",""b69d08ee-8e92-4f49-8a0c-2a8940ebd740"",""b82d9450-5bb4-4693-a5a3-b79bdbcec7cc"",""cc8df0e5-80ec-43ae-8c37-2c573dc59a99""]",0,complete,tokens,"[""a8c9824d-d78b-49ec-a371-57f35af5f802"",""5039b6e3-1abc-49cd-be62-6d039ac33ef6"",""a5803986-5c6c-43c7-a928-0dfadf3258ca"",""b69d08ee-8e92-4f49-8a0c-2a8940ebd740"",""b82d9450-5bb4-4693-a5a3-b79bdbcec7cc"",""cc8df0e5-80ec-43ae-8c37-2c573dc59a99""]",0,"[""a8c9824d-d78b-49ec-a371-57f35af5f802"",""5039b6e3-1abc-49cd-be62-6d039ac33ef6"",""a5803986-5c6c-43c7-a928-0dfadf3258ca"",""b69d08ee-8e92-4f49-8a0c-2a8940ebd740"",""b82d9450-5bb4-4693-a5a3-b79bdbcec7cc"",""cc8df0e5-80ec-43ae-8c37-2c573dc59a99""]",848882,complete,tokens,"[""a8c9824d-d78b-49ec-a371-57f35af5f802"",""5039b6e3-1abc-49cd-be62-6d039ac33ef6"",""a5803986-5c6c-43c7-a928-0dfadf3258ca"",""b69d08ee-8e92-4f49-8a0c-2a8940ebd740"",""b82d9450-5bb4-4693-a5a3-b79bdbcec7cc"",""cc8df0e5-80ec-43ae-8c37-2c573dc59a99""]",848882,"[""a8c9824d-d78b-49ec-a371-57f35af5f802"",""5039b6e3-1abc-49cd-be62-6d039ac33ef6"",""a5803986-5c6c-43c7-a928-0dfadf3258ca"",""b69d08ee-8e92-4f49-8a0c-2a8940ebd740"",""b82d9450-5bb4-4693-a5a3-b79bdbcec7cc"",""cc8df0e5-80ec-43ae-8c37-2c573dc59a99""]",848900,complete,tokens,"[""a8c9824d-d78b-49ec-a371-57f35af5f802"",""5039b6e3-1abc-49cd-be62-6d039ac33ef6"",""a5803986-5c6c-43c7-a928-0dfadf3258ca"",""b69d08ee-8e92-4f49-8a0c-2a8940ebd740"",""b82d9450-5bb4-4693-a5a3-b79bdbcec7cc"",""cc8df0e5-80ec-43ae-8c37-2c573dc59a99""]",848900,"[""a8c9824d-d78b-49ec-a371-57f35af5f802"",""5039b6e3-1abc-49cd-be62-6d039ac33ef6"",""a5803986-5c6c-43c7-a928-0dfadf3258ca"",""b69d08ee-8e92-4f49-8a0c-2a8940ebd740"",""b82d9450-5bb4-4693-a5a3-b79bdbcec7cc"",""cc8df0e5-80ec-43ae-8c37-2c573dc59a99""]",,missing,tokens,[],,"[""a8c9824d-d78b-49ec-a371-57f35af5f802"",""5039b6e3-1abc-49cd-be62-6d039ac33ef6"",""a5803986-5c6c-43c7-a928-0dfadf3258ca"",""b69d08ee-8e92-4f49-8a0c-2a8940ebd740"",""b82d9450-5bb4-4693-a5a3-b79bdbcec7cc"",""cc8df0e5-80ec-43ae-8c37-2c573dc59a99""]",27098,complete,tokens,"[""a8c9824d-d78b-49ec-a371-57f35af5f802"",""5039b6e3-1abc-49cd-be62-6d039ac33ef6"",""a5803986-5c6c-43c7-a928-0dfadf3258ca"",""b69d08ee-8e92-4f49-8a0c-2a8940ebd740"",""b82d9450-5bb4-4693-a5a3-b79bdbcec7cc"",""cc8df0e5-80ec-43ae-8c37-2c573dc59a99""]",27098,"[""a8c9824d-d78b-49ec-a371-57f35af5f802"",""5039b6e3-1abc-49cd-be62-6d039ac33ef6"",""a5803986-5c6c-43c7-a928-0dfadf3258ca"",""b69d08ee-8e92-4f49-8a0c-2a8940ebd740"",""b82d9450-5bb4-4693-a5a3-b79bdbcec7cc"",""cc8df0e5-80ec-43ae-8c37-2c573dc59a99""]",14094,complete,tokens,"[""a8c9824d-d78b-49ec-a371-57f35af5f802"",""5039b6e3-1abc-49cd-be62-6d039ac33ef6"",""a5803986-5c6c-43c7-a928-0dfadf3258ca"",""b69d08ee-8e92-4f49-8a0c-2a8940ebd740"",""b82d9450-5bb4-4693-a5a3-b79bdbcec7cc"",""cc8df0e5-80ec-43ae-8c37-2c573dc59a99""]",14094,"[""a8c9824d-d78b-49ec-a371-57f35af5f802"",""5039b6e3-1abc-49cd-be62-6d039ac33ef6"",""a5803986-5c6c-43c7-a928-0dfadf3258ca"",""b69d08ee-8e92-4f49-8a0c-2a8940ebd740"",""b82d9450-5bb4-4693-a5a3-b79bdbcec7cc"",""cc8df0e5-80ec-43ae-8c37-2c573dc59a99""]",875998,complete,tokens,"[""a8c9824d-d78b-49ec-a371-57f35af5f802"",""5039b6e3-1abc-49cd-be62-6d039ac33ef6"",""a5803986-5c6c-43c7-a928-0dfadf3258ca"",""b69d08ee-8e92-4f49-8a0c-2a8940ebd740"",""b82d9450-5bb4-4693-a5a3-b79bdbcec7cc"",""cc8df0e5-80ec-43ae-8c37-2c573dc59a99""]",875998,,fb012ef2-30d5-4d24-a633-a5c81937ab4c,observed,s,652.287849465,decimal,6,746f1cf0-3302-4166-8bee-925cadccb62c,8dbef385-378b-432b-81b2-3dfa5ed0e5b4,2026-10-07T16:36:17.221385Z,complete,terminal,,F derived from result binding a2e151d2969e6da61f50d4d7bf6058cafcd9fd008e943b9fa39ef940c1100d08,observed,F,1,text,sealed,content_failure,M7 exact derivation,observed,diagnoses,6,M7 exact derivation,observed,lines,291,97,200,M7 exact derivation,observed,diagnoses_per_100_lines,200/97,True,mixed: explicit per observation
M7-analysis-v5,0c44d85c-d8d9-572f-b0cb-1e52983adc6c,3,5f187b71962c8fc43f0c431196239ba2c422245270ebb8b46072e8c1312dd8ca,E-BA,c95570638786f34bdf300259908c703357f319349529bd0f72711c0b41f6d98a,bcba9767-41cd-49d9-aa5e-687d9d4d0032,dbb63e68d4ed9e904fa985aa5b88d674205b6caab086a8d981ac8918a9c68fb5,"[""4afc763c-033e-501c-9c9c-453207d31e62"",""1fed9611-d0cc-51e5-86e7-4ba237c836a2"",""0e4d4039-5409-5be7-a300-ded85e9c22d7"",""1c4afc6f-6679-57b7-ab6b-cec3053e85a1"",""76216ff6-0dab-5f43-913f-741c2deb7596"",""fe7c5fea-171a-5d3e-b93c-b9d53dca7c67"",""784c942d-b222-5013-a2e4-de4aa477a143"",""2f2d84f4-6f41-5df7-a828-cc0a3d9cdddf"",""c68f6332-f200-5595-940d-e5bcad78f1fe"",""54c3aba8-cb42-5023-9591-5cdd68bdd7c5"",""b9ac296e-4c6c-5cdc-9e03-14868c124af2"",""022ddff9-4332-5ba5-b884-42537f220a0c"",""0d262496-18e1-5973-84a6-84fbda64d0ff"",""447860c8-1d56-518b-88ad-7e103990b756"",""616ecfda-7163-5a8d-ba60-01f623d8b124"",""656bacfc-b102-5379-8db2-2f9f127621e0"",""88f2e658-6155-5924-bc85-63fe2aabb08a"",""9f032fb3-90ca-5749-aff5-1065077ac10e"",""4d2e4005-a84b-525b-a492-d367c5e405d0"",""12b20e20-e117-5c00-83bc-e589b92b730e"",""e97a5398-37b9-5e89-91a9-9b3ae48d9534"",""7a8f92c5-5f85-593a-bf90-08e13c60a2e6"",""aa66f5e3-ac0e-57d6-9b69-aa54ea7c4fb9"",""d07b7490-853e-562b-b662-305e89e7718d"",""596c0800-372d-5056-8a35-9f8661656bf4"",""d08816e6-d4d6-5f35-9de3-d86528fa7a96"",""2e126757-f17e-5ee2-93db-94d31ed944b2"",""5e1af4e2-330f-563f-b639-2d3cd8d276c8"",""49cd1889-2a56-5913-8723-929335f68874"",""82b898ba-3b6d-567f-8996-4f259b74547e"",""d38eb7d2-e78b-5c2f-93e4-2e34846e80e6"",""33effc64-dcfe-5ced-badf-c4df49f68dc1"",""a3a03b99-34c0-504b-b529-32b798db318a"",""8b3ec7b0-123f-5597-95f7-1fafc5810d01"",""035c5442-19b8-5a84-8a59-b352a9660279"",""d6d45010-72fa-5741-b733-88958a8795d2"",""ab8215e5-b753-5a6a-a4e7-ad9caf42eeac"",""1b20061c-b208-551a-b06c-81ffeff623fc"",""9b6d0913-2ae6-5dab-ab36-d05e1c51b208"",""a27c1fb2-edc1-57e6-9d74-adb5a13fed3b"",""4696448b-8c21-591b-80cc-7344ea0b95ec"",""c1d75a33-928c-5636-b99c-def1fb29e0f5"",""61eebfb6-2555-5bce-ba71-7a750427392a"",""aba074a1-d451-595d-bc12-e257adbe7383"",""1ca34094-ee4d-5962-a78a-174d361a9cd3"",""7edb0577-da07-5c6f-8391-bb90e9822165"",""d7c5d484-54dc-5d1e-a3ac-65d60267a12c"",""f416cc8b-3bc2-5c4c-a91c-c56faf748684""]",1,1,M7 exact derivation,observed,ratio,1,M7 exact derivation,observed,binary,1,M7 exact derivation,observed,binary,1,M7 exact derivation,observed,binary,1,M7 exact derivation,observed,binary,1,M7 exact derivation,observed,binary,1,M7 exact derivation,observed,binary,1,M7 exact derivation,observed,binary,1,,M6-evaluator-v1,observed,binary,1,decimal,,Menschliche lokale Selbstauskunft,observed,binary,1,decimal,,Menschliche lokale Selbstauskunft,observed,binary,1,decimal,,Menschliche lokale Selbstauskunft,observed,binary,1,decimal,,M6-evaluator-v1,observed,binary,1,decimal,M7 exact derivation,observed,binary,1,a3a03b99-34c0-504b-b529-32b798db318a,True,,33,Not collected,not_collected,s,,6,Not collected,not_collected,s,,0.13687706,USD,0.13687706,known,Not collected,not_collected,s,,Not collected,not_collected,s,,Not collected,not_collected,s,,Not collected,not_collected,s,,,d025fe48-7228-45e3-9fc9-409d7871de65,observed,s,0,decimal,,d025fe48-7228-45e3-9fc9-409d7871de65,observed,s,0,decimal,,d025fe48-7228-45e3-9fc9-409d7871de65,observed,s,835.625534215,decimal,1,Not collected,not_collected,s,,Not collected,not_collected,s,,"[""aff45b54-54bb-49c7-9982-0e24596339e2"",""c5f874a6-090d-48ae-b9c1-2f6d998322cf"",""bf494ec8-ba25-44d7-8c53-48cb2dd6c5e6"",""042d2db5-521b-4e09-a722-dbbcfcb4f1bc"",""e440165f-fc17-4730-b896-a51846721f45"",""23f9bc5e-99cf-43ae-a82b-3fe1aea8110d""]",0,complete,tokens,"[""aff45b54-54bb-49c7-9982-0e24596339e2"",""c5f874a6-090d-48ae-b9c1-2f6d998322cf"",""bf494ec8-ba25-44d7-8c53-48cb2dd6c5e6"",""042d2db5-521b-4e09-a722-dbbcfcb4f1bc"",""e440165f-fc17-4730-b896-a51846721f45"",""23f9bc5e-99cf-43ae-a82b-3fe1aea8110d""]",0,"[""aff45b54-54bb-49c7-9982-0e24596339e2"",""c5f874a6-090d-48ae-b9c1-2f6d998322cf"",""bf494ec8-ba25-44d7-8c53-48cb2dd6c5e6"",""042d2db5-521b-4e09-a722-dbbcfcb4f1bc"",""e440165f-fc17-4730-b896-a51846721f45"",""23f9bc5e-99cf-43ae-a82b-3fe1aea8110d""]",286528,complete,tokens,"[""aff45b54-54bb-49c7-9982-0e24596339e2"",""c5f874a6-090d-48ae-b9c1-2f6d998322cf"",""bf494ec8-ba25-44d7-8c53-48cb2dd6c5e6"",""042d2db5-521b-4e09-a722-dbbcfcb4f1bc"",""e440165f-fc17-4730-b896-a51846721f45"",""23f9bc5e-99cf-43ae-a82b-3fe1aea8110d""]",286528,"[""aff45b54-54bb-49c7-9982-0e24596339e2"",""c5f874a6-090d-48ae-b9c1-2f6d998322cf"",""bf494ec8-ba25-44d7-8c53-48cb2dd6c5e6"",""042d2db5-521b-4e09-a722-dbbcfcb4f1bc"",""e440165f-fc17-4730-b896-a51846721f45"",""23f9bc5e-99cf-43ae-a82b-3fe1aea8110d""]",873045,complete,tokens,"[""aff45b54-54bb-49c7-9982-0e24596339e2"",""c5f874a6-090d-48ae-b9c1-2f6d998322cf"",""bf494ec8-ba25-44d7-8c53-48cb2dd6c5e6"",""042d2db5-521b-4e09-a722-dbbcfcb4f1bc"",""e440165f-fc17-4730-b896-a51846721f45"",""23f9bc5e-99cf-43ae-a82b-3fe1aea8110d""]",873045,"[""aff45b54-54bb-49c7-9982-0e24596339e2"",""c5f874a6-090d-48ae-b9c1-2f6d998322cf"",""bf494ec8-ba25-44d7-8c53-48cb2dd6c5e6"",""042d2db5-521b-4e09-a722-dbbcfcb4f1bc"",""e440165f-fc17-4730-b896-a51846721f45"",""23f9bc5e-99cf-43ae-a82b-3fe1aea8110d""]",,missing,tokens,[],,"[""aff45b54-54bb-49c7-9982-0e24596339e2"",""c5f874a6-090d-48ae-b9c1-2f6d998322cf"",""bf494ec8-ba25-44d7-8c53-48cb2dd6c5e6"",""042d2db5-521b-4e09-a722-dbbcfcb4f1bc"",""e440165f-fc17-4730-b896-a51846721f45"",""23f9bc5e-99cf-43ae-a82b-3fe1aea8110d""]",43194,complete,tokens,"[""aff45b54-54bb-49c7-9982-0e24596339e2"",""c5f874a6-090d-48ae-b9c1-2f6d998322cf"",""bf494ec8-ba25-44d7-8c53-48cb2dd6c5e6"",""042d2db5-521b-4e09-a722-dbbcfcb4f1bc"",""e440165f-fc17-4730-b896-a51846721f45"",""23f9bc5e-99cf-43ae-a82b-3fe1aea8110d""]",43194,"[""aff45b54-54bb-49c7-9982-0e24596339e2"",""c5f874a6-090d-48ae-b9c1-2f6d998322cf"",""bf494ec8-ba25-44d7-8c53-48cb2dd6c5e6"",""042d2db5-521b-4e09-a722-dbbcfcb4f1bc"",""e440165f-fc17-4730-b896-a51846721f45"",""23f9bc5e-99cf-43ae-a82b-3fe1aea8110d""]",37803,complete,tokens,"[""aff45b54-54bb-49c7-9982-0e24596339e2"",""c5f874a6-090d-48ae-b9c1-2f6d998322cf"",""bf494ec8-ba25-44d7-8c53-48cb2dd6c5e6"",""042d2db5-521b-4e09-a722-dbbcfcb4f1bc"",""e440165f-fc17-4730-b896-a51846721f45"",""23f9bc5e-99cf-43ae-a82b-3fe1aea8110d""]",37803,"[""aff45b54-54bb-49c7-9982-0e24596339e2"",""c5f874a6-090d-48ae-b9c1-2f6d998322cf"",""bf494ec8-ba25-44d7-8c53-48cb2dd6c5e6"",""042d2db5-521b-4e09-a722-dbbcfcb4f1bc"",""e440165f-fc17-4730-b896-a51846721f45"",""23f9bc5e-99cf-43ae-a82b-3fe1aea8110d""]",916239,complete,tokens,"[""aff45b54-54bb-49c7-9982-0e24596339e2"",""c5f874a6-090d-48ae-b9c1-2f6d998322cf"",""bf494ec8-ba25-44d7-8c53-48cb2dd6c5e6"",""042d2db5-521b-4e09-a722-dbbcfcb4f1bc"",""e440165f-fc17-4730-b896-a51846721f45"",""23f9bc5e-99cf-43ae-a82b-3fe1aea8110d""]",916239,,d025fe48-7228-45e3-9fc9-409d7871de65,observed,s,835.625534215,decimal,6,edc938ec-9bf1-48cf-8cef-6f6a5b20ad29,77c6932e-6e19-4e24-815e-8d2325eae231,2026-10-07T17:01:32.853491Z,complete,terminal,,F derived from result binding 968739e36da544d83469533a11adb30a891bec56df1d6945a4e0ba715d48f432,observed,F,1,text,sealed,finished,M7 exact derivation,observed,diagnoses,2,M7 exact derivation,observed,lines,52,13,50,M7 exact derivation,observed,diagnoses_per_100_lines,50/13,True,mixed: explicit per observation
M7-analysis-v5,0c44d85c-d8d9-572f-b0cb-1e52983adc6c,3,5b543ea7abc08ec54717d24b23b424f4c9147a8e7c70489cdbcf04fdfbfdd696,C-SQL-1,27b8151da86242809dca0369f6ae8205b3d9e19866f42442c95f91863350f15a,6f7f3a3c-8647-488b-b587-d1d430125ce9,dbb63e68d4ed9e904fa985aa5b88d674205b6caab086a8d981ac8918a9c68fb5,"[""4afc763c-033e-501c-9c9c-453207d31e62"",""1fed9611-d0cc-51e5-86e7-4ba237c836a2"",""0e4d4039-5409-5be7-a300-ded85e9c22d7"",""1c4afc6f-6679-57b7-ab6b-cec3053e85a1"",""76216ff6-0dab-5f43-913f-741c2deb7596"",""fe7c5fea-171a-5d3e-b93c-b9d53dca7c67"",""784c942d-b222-5013-a2e4-de4aa477a143"",""2f2d84f4-6f41-5df7-a828-cc0a3d9cdddf"",""c68f6332-f200-5595-940d-e5bcad78f1fe"",""54c3aba8-cb42-5023-9591-5cdd68bdd7c5"",""b9ac296e-4c6c-5cdc-9e03-14868c124af2"",""022ddff9-4332-5ba5-b884-42537f220a0c"",""0d262496-18e1-5973-84a6-84fbda64d0ff"",""447860c8-1d56-518b-88ad-7e103990b756"",""616ecfda-7163-5a8d-ba60-01f623d8b124"",""656bacfc-b102-5379-8db2-2f9f127621e0"",""88f2e658-6155-5924-bc85-63fe2aabb08a"",""9f032fb3-90ca-5749-aff5-1065077ac10e"",""4d2e4005-a84b-525b-a492-d367c5e405d0"",""12b20e20-e117-5c00-83bc-e589b92b730e"",""e97a5398-37b9-5e89-91a9-9b3ae48d9534"",""7a8f92c5-5f85-593a-bf90-08e13c60a2e6"",""aa66f5e3-ac0e-57d6-9b69-aa54ea7c4fb9"",""d07b7490-853e-562b-b662-305e89e7718d"",""596c0800-372d-5056-8a35-9f8661656bf4"",""d08816e6-d4d6-5f35-9de3-d86528fa7a96"",""2e126757-f17e-5ee2-93db-94d31ed944b2"",""5e1af4e2-330f-563f-b639-2d3cd8d276c8"",""49cd1889-2a56-5913-8723-929335f68874"",""82b898ba-3b6d-567f-8996-4f259b74547e"",""d38eb7d2-e78b-5c2f-93e4-2e34846e80e6"",""33effc64-dcfe-5ced-badf-c4df49f68dc1"",""a3a03b99-34c0-504b-b529-32b798db318a"",""8b3ec7b0-123f-5597-95f7-1fafc5810d01"",""035c5442-19b8-5a84-8a59-b352a9660279"",""d6d45010-72fa-5741-b733-88958a8795d2"",""ab8215e5-b753-5a6a-a4e7-ad9caf42eeac"",""1b20061c-b208-551a-b06c-81ffeff623fc"",""9b6d0913-2ae6-5dab-ab36-d05e1c51b208"",""a27c1fb2-edc1-57e6-9d74-adb5a13fed3b"",""4696448b-8c21-591b-80cc-7344ea0b95ec"",""c1d75a33-928c-5636-b99c-def1fb29e0f5"",""61eebfb6-2555-5bce-ba71-7a750427392a"",""aba074a1-d451-595d-bc12-e257adbe7383"",""1ca34094-ee4d-5962-a78a-174d361a9cd3"",""7edb0577-da07-5c6f-8391-bb90e9822165"",""d7c5d484-54dc-5d1e-a3ac-65d60267a12c"",""f416cc8b-3bc2-5c4c-a91c-c56faf748684""]",1,1,M7 exact derivation,observed,ratio,1,M7 exact derivation,observed,binary,1,M7 exact derivation,observed,binary,1,M7 exact derivation,observed,binary,1,M7 exact derivation,observed,binary,1,M7 exact derivation,observed,binary,1,M7 exact derivation,observed,binary,1,M7 exact derivation,observed,binary,1,,M6-evaluator-v1,observed,binary,1,decimal,,Menschliche lokale Selbstauskunft,observed,binary,1,decimal,,Menschliche lokale Selbstauskunft,observed,binary,1,decimal,,Menschliche lokale Selbstauskunft,observed,binary,1,decimal,,M6-evaluator-v1,observed,binary,1,decimal,M7 exact derivation,observed,binary,1,8b3ec7b0-123f-5597-95f7-1fafc5810d01,True,,34,Not collected,not_collected,s,,6,Not collected,not_collected,s,,0.114335800,USD,0.114335800,known,Not collected,not_collected,s,,Not collected,not_collected,s,,Not collected,not_collected,s,,Not collected,not_collected,s,,,099fb2aa-65e0-441a-8238-82fca02eb283,observed,s,0,decimal,,099fb2aa-65e0-441a-8238-82fca02eb283,observed,s,0,decimal,,099fb2aa-65e0-441a-8238-82fca02eb283,observed,s,434.437316074,decimal,1,Not collected,not_collected,s,,Not collected,not_collected,s,,"[""57e31cd4-39b6-4ac5-8747-ddfa8ca508b6"",""d15896b0-f2a5-406b-ba88-21a08f0c661d"",""bd17e332-dce3-4e04-b721-8627202ccd86"",""0c2356bc-cf09-4bd1-a80b-fd8f1cb15fed"",""2a936ab3-511d-4878-b48a-a1744d143925"",""74966c3d-e322-4683-bb6c-2b50b46df3ec""]",0,complete,tokens,"[""57e31cd4-39b6-4ac5-8747-ddfa8ca508b6"",""d15896b0-f2a5-406b-ba88-21a08f0c661d"",""bd17e332-dce3-4e04-b721-8627202ccd86"",""0c2356bc-cf09-4bd1-a80b-fd8f1cb15fed"",""2a936ab3-511d-4878-b48a-a1744d143925"",""74966c3d-e322-4683-bb6c-2b50b46df3ec""]",0,"[""57e31cd4-39b6-4ac5-8747-ddfa8ca508b6"",""d15896b0-f2a5-406b-ba88-21a08f0c661d"",""bd17e332-dce3-4e04-b721-8627202ccd86"",""0c2356bc-cf09-4bd1-a80b-fd8f1cb15fed"",""2a936ab3-511d-4878-b48a-a1744d143925"",""74966c3d-e322-4683-bb6c-2b50b46df3ec""]",858664,complete,tokens,"[""57e31cd4-39b6-4ac5-8747-ddfa8ca508b6"",""d15896b0-f2a5-406b-ba88-21a08f0c661d"",""bd17e332-dce3-4e04-b721-8627202ccd86"",""0c2356bc-cf09-4bd1-a80b-fd8f1cb15fed"",""2a936ab3-511d-4878-b48a-a1744d143925"",""74966c3d-e322-4683-bb6c-2b50b46df3ec""]",858664,"[""57e31cd4-39b6-4ac5-8747-ddfa8ca508b6"",""d15896b0-f2a5-406b-ba88-21a08f0c661d"",""bd17e332-dce3-4e04-b721-8627202ccd86"",""0c2356bc-cf09-4bd1-a80b-fd8f1cb15fed"",""2a936ab3-511d-4878-b48a-a1744d143925"",""74966c3d-e322-4683-bb6c-2b50b46df3ec""]",858682,complete,tokens,"[""57e31cd4-39b6-4ac5-8747-ddfa8ca508b6"",""d15896b0-f2a5-406b-ba88-21a08f0c661d"",""bd17e332-dce3-4e04-b721-8627202ccd86"",""0c2356bc-cf09-4bd1-a80b-fd8f1cb15fed"",""2a936ab3-511d-4878-b48a-a1744d143925"",""74966c3d-e322-4683-bb6c-2b50b46df3ec""]",858682,"[""57e31cd4-39b6-4ac5-8747-ddfa8ca508b6"",""d15896b0-f2a5-406b-ba88-21a08f0c661d"",""bd17e332-dce3-4e04-b721-8627202ccd86"",""0c2356bc-cf09-4bd1-a80b-fd8f1cb15fed"",""2a936ab3-511d-4878-b48a-a1744d143925"",""74966c3d-e322-4683-bb6c-2b50b46df3ec""]",,missing,tokens,[],,"[""57e31cd4-39b6-4ac5-8747-ddfa8ca508b6"",""d15896b0-f2a5-406b-ba88-21a08f0c661d"",""bd17e332-dce3-4e04-b721-8627202ccd86"",""0c2356bc-cf09-4bd1-a80b-fd8f1cb15fed"",""2a936ab3-511d-4878-b48a-a1744d143925"",""74966c3d-e322-4683-bb6c-2b50b46df3ec""]",14002,complete,tokens,"[""57e31cd4-39b6-4ac5-8747-ddfa8ca508b6"",""d15896b0-f2a5-406b-ba88-21a08f0c661d"",""bd17e332-dce3-4e04-b721-8627202ccd86"",""0c2356bc-cf09-4bd1-a80b-fd8f1cb15fed"",""2a936ab3-511d-4878-b48a-a1744d143925"",""74966c3d-e322-4683-bb6c-2b50b46df3ec""]",14002,"[""57e31cd4-39b6-4ac5-8747-ddfa8ca508b6"",""d15896b0-f2a5-406b-ba88-21a08f0c661d"",""bd17e332-dce3-4e04-b721-8627202ccd86"",""0c2356bc-cf09-4bd1-a80b-fd8f1cb15fed"",""2a936ab3-511d-4878-b48a-a1744d143925"",""74966c3d-e322-4683-bb6c-2b50b46df3ec""]",6355,complete,tokens,"[""57e31cd4-39b6-4ac5-8747-ddfa8ca508b6"",""d15896b0-f2a5-406b-ba88-21a08f0c661d"",""bd17e332-dce3-4e04-b721-8627202ccd86"",""0c2356bc-cf09-4bd1-a80b-fd8f1cb15fed"",""2a936ab3-511d-4878-b48a-a1744d143925"",""74966c3d-e322-4683-bb6c-2b50b46df3ec""]",6355,"[""57e31cd4-39b6-4ac5-8747-ddfa8ca508b6"",""d15896b0-f2a5-406b-ba88-21a08f0c661d"",""bd17e332-dce3-4e04-b721-8627202ccd86"",""0c2356bc-cf09-4bd1-a80b-fd8f1cb15fed"",""2a936ab3-511d-4878-b48a-a1744d143925"",""74966c3d-e322-4683-bb6c-2b50b46df3ec""]",872684,complete,tokens,"[""57e31cd4-39b6-4ac5-8747-ddfa8ca508b6"",""d15896b0-f2a5-406b-ba88-21a08f0c661d"",""bd17e332-dce3-4e04-b721-8627202ccd86"",""0c2356bc-cf09-4bd1-a80b-fd8f1cb15fed"",""2a936ab3-511d-4878-b48a-a1744d143925"",""74966c3d-e322-4683-bb6c-2b50b46df3ec""]",872684,,099fb2aa-65e0-441a-8238-82fca02eb283,observed,s,434.437316074,decimal,6,0cc540ca-a9db-4a2a-982e-99e203d674e1,fa7d1b82-4d53-4136-aad5-1c8a33203fc2,2026-10-07T17:22:57.381345Z,complete,terminal,,F derived from result binding 0032e7305f13de504d9114ba949d1bead6d3eacdb0f080eb6c239045328cd97f,observed,F,1,text,sealed,finished,M7 exact derivation,observed,diagnoses,0,M7 exact derivation,observed,lines,46,1,0,M7 exact derivation,observed,diagnoses_per_100_lines,0,True,mixed: explicit per observation
M7-analysis-v5,0c44d85c-d8d9-572f-b0cb-1e52983adc6c,3,6911cdc858aa79c2c07111aa648bb7962d234961be7ce229045171034d4c13b9,E-BB,b26081b6041d83b27d357511d1cbaa4be007a74fd351a784a31834412284db93,26c9e1ce-c552-46f9-9d50-4cc6179591a3,dbb63e68d4ed9e904fa985aa5b88d674205b6caab086a8d981ac8918a9c68fb5,"[""4afc763c-033e-501c-9c9c-453207d31e62"",""1fed9611-d0cc-51e5-86e7-4ba237c836a2"",""0e4d4039-5409-5be7-a300-ded85e9c22d7"",""1c4afc6f-6679-57b7-ab6b-cec3053e85a1"",""76216ff6-0dab-5f43-913f-741c2deb7596"",""fe7c5fea-171a-5d3e-b93c-b9d53dca7c67"",""784c942d-b222-5013-a2e4-de4aa477a143"",""2f2d84f4-6f41-5df7-a828-cc0a3d9cdddf"",""c68f6332-f200-5595-940d-e5bcad78f1fe"",""54c3aba8-cb42-5023-9591-5cdd68bdd7c5"",""b9ac296e-4c6c-5cdc-9e03-14868c124af2"",""022ddff9-4332-5ba5-b884-42537f220a0c"",""0d262496-18e1-5973-84a6-84fbda64d0ff"",""447860c8-1d56-518b-88ad-7e103990b756"",""616ecfda-7163-5a8d-ba60-01f623d8b124"",""656bacfc-b102-5379-8db2-2f9f127621e0"",""88f2e658-6155-5924-bc85-63fe2aabb08a"",""9f032fb3-90ca-5749-aff5-1065077ac10e"",""4d2e4005-a84b-525b-a492-d367c5e405d0"",""12b20e20-e117-5c00-83bc-e589b92b730e"",""e97a5398-37b9-5e89-91a9-9b3ae48d9534"",""7a8f92c5-5f85-593a-bf90-08e13c60a2e6"",""aa66f5e3-ac0e-57d6-9b69-aa54ea7c4fb9"",""d07b7490-853e-562b-b662-305e89e7718d"",""596c0800-372d-5056-8a35-9f8661656bf4"",""d08816e6-d4d6-5f35-9de3-d86528fa7a96"",""2e126757-f17e-5ee2-93db-94d31ed944b2"",""5e1af4e2-330f-563f-b639-2d3cd8d276c8"",""49cd1889-2a56-5913-8723-929335f68874"",""82b898ba-3b6d-567f-8996-4f259b74547e"",""d38eb7d2-e78b-5c2f-93e4-2e34846e80e6"",""33effc64-dcfe-5ced-badf-c4df49f68dc1"",""a3a03b99-34c0-504b-b529-32b798db318a"",""8b3ec7b0-123f-5597-95f7-1fafc5810d01"",""035c5442-19b8-5a84-8a59-b352a9660279"",""d6d45010-72fa-5741-b733-88958a8795d2"",""ab8215e5-b753-5a6a-a4e7-ad9caf42eeac"",""1b20061c-b208-551a-b06c-81ffeff623fc"",""9b6d0913-2ae6-5dab-ab36-d05e1c51b208"",""a27c1fb2-edc1-57e6-9d74-adb5a13fed3b"",""4696448b-8c21-591b-80cc-7344ea0b95ec"",""c1d75a33-928c-5636-b99c-def1fb29e0f5"",""61eebfb6-2555-5bce-ba71-7a750427392a"",""aba074a1-d451-595d-bc12-e257adbe7383"",""1ca34094-ee4d-5962-a78a-174d361a9cd3"",""7edb0577-da07-5c6f-8391-bb90e9822165"",""d7c5d484-54dc-5d1e-a3ac-65d60267a12c"",""f416cc8b-3bc2-5c4c-a91c-c56faf748684""]",1,1,M7 exact derivation,observed,ratio,1,M7 exact derivation,observed,binary,1,M7 exact derivation,observed,binary,1,M7 exact derivation,observed,binary,1,M7 exact derivation,observed,binary,1,M7 exact derivation,observed,binary,1,M7 exact derivation,observed,binary,1,M7 exact derivation,observed,binary,1,,M6-evaluator-v1,observed,binary,1,decimal,,Menschliche lokale Selbstauskunft,observed,binary,1,decimal,,Menschliche lokale Selbstauskunft,observed,binary,1,decimal,,Menschliche lokale Selbstauskunft,observed,binary,1,decimal,,M6-evaluator-v1,observed,binary,1,decimal,M7 exact derivation,observed,binary,1,035c5442-19b8-5a84-8a59-b352a9660279,True,,35,Not collected,not_collected,s,,5,Not collected,not_collected,s,,0.14141386,USD,0.14141386,known,Not collected,not_collected,s,,Not collected,not_collected,s,,Not collected,not_collected,s,,Not collected,not_collected,s,,,c8e50225-9298-4142-b9da-5ebfb7361d8a,observed,s,0,decimal,,c8e50225-9298-4142-b9da-5ebfb7361d8a,observed,s,0,decimal,,c8e50225-9298-4142-b9da-5ebfb7361d8a,observed,s,1282.452682210,decimal,0,Not collected,not_collected,s,,Not collected,not_collected,s,,"[""691a7b23-bc4e-4bd1-94fe-61435d3d84c6"",""c2436208-925f-4640-aefe-5f962604859d"",""f13e4c7a-a011-4115-afc1-4b3a7d0d57bb"",""0ceb7d8a-9c12-4a33-9ba3-233121c5188e"",""bdb78a15-9f8f-42e1-9a71-74d8bb2a65e5""]",0,complete,tokens,"[""691a7b23-bc4e-4bd1-94fe-61435d3d84c6"",""c2436208-925f-4640-aefe-5f962604859d"",""f13e4c7a-a011-4115-afc1-4b3a7d0d57bb"",""0ceb7d8a-9c12-4a33-9ba3-233121c5188e"",""bdb78a15-9f8f-42e1-9a71-74d8bb2a65e5""]",0,"[""691a7b23-bc4e-4bd1-94fe-61435d3d84c6"",""c2436208-925f-4640-aefe-5f962604859d"",""f13e4c7a-a011-4115-afc1-4b3a7d0d57bb"",""0ceb7d8a-9c12-4a33-9ba3-233121c5188e"",""bdb78a15-9f8f-42e1-9a71-74d8bb2a65e5""]",0,complete,tokens,"[""691a7b23-bc4e-4bd1-94fe-61435d3d84c6"",""c2436208-925f-4640-aefe-5f962604859d"",""f13e4c7a-a011-4115-afc1-4b3a7d0d57bb"",""0ceb7d8a-9c12-4a33-9ba3-233121c5188e"",""bdb78a15-9f8f-42e1-9a71-74d8bb2a65e5""]",0,"[""691a7b23-bc4e-4bd1-94fe-61435d3d84c6"",""c2436208-925f-4640-aefe-5f962604859d"",""f13e4c7a-a011-4115-afc1-4b3a7d0d57bb"",""0ceb7d8a-9c12-4a33-9ba3-233121c5188e"",""bdb78a15-9f8f-42e1-9a71-74d8bb2a65e5""]",736727,complete,tokens,"[""691a7b23-bc4e-4bd1-94fe-61435d3d84c6"",""c2436208-925f-4640-aefe-5f962604859d"",""f13e4c7a-a011-4115-afc1-4b3a7d0d57bb"",""0ceb7d8a-9c12-4a33-9ba3-233121c5188e"",""bdb78a15-9f8f-42e1-9a71-74d8bb2a65e5""]",736727,"[""691a7b23-bc4e-4bd1-94fe-61435d3d84c6"",""c2436208-925f-4640-aefe-5f962604859d"",""f13e4c7a-a011-4115-afc1-4b3a7d0d57bb"",""0ceb7d8a-9c12-4a33-9ba3-233121c5188e"",""bdb78a15-9f8f-42e1-9a71-74d8bb2a65e5""]",,missing,tokens,[],,"[""691a7b23-bc4e-4bd1-94fe-61435d3d84c6"",""c2436208-925f-4640-aefe-5f962604859d"",""f13e4c7a-a011-4115-afc1-4b3a7d0d57bb"",""0ceb7d8a-9c12-4a33-9ba3-233121c5188e"",""bdb78a15-9f8f-42e1-9a71-74d8bb2a65e5""]",91124,complete,tokens,"[""691a7b23-bc4e-4bd1-94fe-61435d3d84c6"",""c2436208-925f-4640-aefe-5f962604859d"",""f13e4c7a-a011-4115-afc1-4b3a7d0d57bb"",""0ceb7d8a-9c12-4a33-9ba3-233121c5188e"",""bdb78a15-9f8f-42e1-9a71-74d8bb2a65e5""]",91124,"[""691a7b23-bc4e-4bd1-94fe-61435d3d84c6"",""c2436208-925f-4640-aefe-5f962604859d"",""f13e4c7a-a011-4115-afc1-4b3a7d0d57bb"",""0ceb7d8a-9c12-4a33-9ba3-233121c5188e"",""bdb78a15-9f8f-42e1-9a71-74d8bb2a65e5""]",81989,complete,tokens,"[""691a7b23-bc4e-4bd1-94fe-61435d3d84c6"",""c2436208-925f-4640-aefe-5f962604859d"",""f13e4c7a-a011-4115-afc1-4b3a7d0d57bb"",""0ceb7d8a-9c12-4a33-9ba3-233121c5188e"",""bdb78a15-9f8f-42e1-9a71-74d8bb2a65e5""]",81989,"[""691a7b23-bc4e-4bd1-94fe-61435d3d84c6"",""c2436208-925f-4640-aefe-5f962604859d"",""f13e4c7a-a011-4115-afc1-4b3a7d0d57bb"",""0ceb7d8a-9c12-4a33-9ba3-233121c5188e"",""bdb78a15-9f8f-42e1-9a71-74d8bb2a65e5""]",827851,complete,tokens,"[""691a7b23-bc4e-4bd1-94fe-61435d3d84c6"",""c2436208-925f-4640-aefe-5f962604859d"",""f13e4c7a-a011-4115-afc1-4b3a7d0d57bb"",""0ceb7d8a-9c12-4a33-9ba3-233121c5188e"",""bdb78a15-9f8f-42e1-9a71-74d8bb2a65e5""]",827851,,c8e50225-9298-4142-b9da-5ebfb7361d8a,observed,s,1282.452682210,decimal,5,ce40a18c-aa8e-40fc-9d13-83adabe5993f,2d8e23ec-dab1-4d39-a309-6e2a93ce737b,2026-10-07T18:24:24.190036Z,complete,terminal,,F derived from result binding 63f050c03cd256a584a6306ca3387161a097ed970396f7b0787763578657d3ad,observed,F,1,text,sealed,finished,M7 exact derivation,observed,diagnoses,2,M7 exact derivation,observed,lines,60,3,10,M7 exact derivation,observed,diagnoses_per_100_lines,10/3,True,mixed: explicit per observation
M7-analysis-v5,0c44d85c-d8d9-572f-b0cb-1e52983adc6c,3,951958a3600621e43a708a8a0db2baf850b4bfbdb25a57ca24f42805e2da6d5a,C-BF-0,19fa6fbf4f554673689996213945dcaed831a9bf0fbdc6988698abb77fd647ee,90318496-3af4-49cd-a20d-b85db76e5a0a,dbb63e68d4ed9e904fa985aa5b88d674205b6caab086a8d981ac8918a9c68fb5,"[""4afc763c-033e-501c-9c9c-453207d31e62"",""1fed9611-d0cc-51e5-86e7-4ba237c836a2"",""0e4d4039-5409-5be7-a300-ded85e9c22d7"",""1c4afc6f-6679-57b7-ab6b-cec3053e85a1"",""76216ff6-0dab-5f43-913f-741c2deb7596"",""fe7c5fea-171a-5d3e-b93c-b9d53dca7c67"",""784c942d-b222-5013-a2e4-de4aa477a143"",""2f2d84f4-6f41-5df7-a828-cc0a3d9cdddf"",""c68f6332-f200-5595-940d-e5bcad78f1fe"",""54c3aba8-cb42-5023-9591-5cdd68bdd7c5"",""b9ac296e-4c6c-5cdc-9e03-14868c124af2"",""022ddff9-4332-5ba5-b884-42537f220a0c"",""0d262496-18e1-5973-84a6-84fbda64d0ff"",""447860c8-1d56-518b-88ad-7e103990b756"",""616ecfda-7163-5a8d-ba60-01f623d8b124"",""656bacfc-b102-5379-8db2-2f9f127621e0"",""88f2e658-6155-5924-bc85-63fe2aabb08a"",""9f032fb3-90ca-5749-aff5-1065077ac10e"",""4d2e4005-a84b-525b-a492-d367c5e405d0"",""12b20e20-e117-5c00-83bc-e589b92b730e"",""e97a5398-37b9-5e89-91a9-9b3ae48d9534"",""7a8f92c5-5f85-593a-bf90-08e13c60a2e6"",""aa66f5e3-ac0e-57d6-9b69-aa54ea7c4fb9"",""d07b7490-853e-562b-b662-305e89e7718d"",""596c0800-372d-5056-8a35-9f8661656bf4"",""d08816e6-d4d6-5f35-9de3-d86528fa7a96"",""2e126757-f17e-5ee2-93db-94d31ed944b2"",""5e1af4e2-330f-563f-b639-2d3cd8d276c8"",""49cd1889-2a56-5913-8723-929335f68874"",""82b898ba-3b6d-567f-8996-4f259b74547e"",""d38eb7d2-e78b-5c2f-93e4-2e34846e80e6"",""33effc64-dcfe-5ced-badf-c4df49f68dc1"",""a3a03b99-34c0-504b-b529-32b798db318a"",""8b3ec7b0-123f-5597-95f7-1fafc5810d01"",""035c5442-19b8-5a84-8a59-b352a9660279"",""d6d45010-72fa-5741-b733-88958a8795d2"",""ab8215e5-b753-5a6a-a4e7-ad9caf42eeac"",""1b20061c-b208-551a-b06c-81ffeff623fc"",""9b6d0913-2ae6-5dab-ab36-d05e1c51b208"",""a27c1fb2-edc1-57e6-9d74-adb5a13fed3b"",""4696448b-8c21-591b-80cc-7344ea0b95ec"",""c1d75a33-928c-5636-b99c-def1fb29e0f5"",""61eebfb6-2555-5bce-ba71-7a750427392a"",""aba074a1-d451-595d-bc12-e257adbe7383"",""1ca34094-ee4d-5962-a78a-174d361a9cd3"",""7edb0577-da07-5c6f-8391-bb90e9822165"",""d7c5d484-54dc-5d1e-a3ac-65d60267a12c"",""f416cc8b-3bc2-5c4c-a91c-c56faf748684""]",1,1,M7 exact derivation,observed,ratio,1,M7 exact derivation,observed,binary,1,M7 exact derivation,observed,binary,1,M7 exact derivation,observed,binary,1,M7 exact derivation,observed,binary,1,M7 exact derivation,observed,binary,1,M7 exact derivation,observed,binary,1,M7 exact derivation,observed,binary,1,,M6-evaluator-v1,observed,binary,1,decimal,,Menschliche lokale Selbstauskunft,observed,binary,1,decimal,,Menschliche lokale Selbstauskunft,observed,binary,1,decimal,,Menschliche lokale Selbstauskunft,observed,binary,1,decimal,,M6-evaluator-v1,observed,binary,1,decimal,M7 exact derivation,observed,binary,1,d6d45010-72fa-5741-b733-88958a8795d2,True,,36,Not collected,not_collected,s,,6,Not collected,not_collected,s,,0.112648925,USD,0.112648925,known,Not collected,not_collected,s,,Not collected,not_collected,s,,Not collected,not_collected,s,,Not collected,not_collected,s,,,193f254f-7d66-416b-97d3-f7c0802fc55d,observed,s,0,decimal,,193f254f-7d66-416b-97d3-f7c0802fc55d,observed,s,0,decimal,,193f254f-7d66-416b-97d3-f7c0802fc55d,observed,s,432.367894156,decimal,1,Not collected,not_collected,s,,Not collected,not_collected,s,,"[""03acd0c5-6ea6-4dc7-8f7a-dd06473729b8"",""9a25eef2-9ec4-44ce-966e-a6a21e041aa3"",""b3708985-23b2-4b1b-857d-30e2cb2fdcb2"",""d00cfda8-8c63-4bf0-8f7f-1ec5f15e32fb"",""5d8403f4-9d48-474f-ad8e-d621ec4a6c6a"",""14105d8c-d078-41d8-a93f-43792d2c72b7""]",0,complete,tokens,"[""03acd0c5-6ea6-4dc7-8f7a-dd06473729b8"",""9a25eef2-9ec4-44ce-966e-a6a21e041aa3"",""b3708985-23b2-4b1b-857d-30e2cb2fdcb2"",""d00cfda8-8c63-4bf0-8f7f-1ec5f15e32fb"",""5d8403f4-9d48-474f-ad8e-d621ec4a6c6a"",""14105d8c-d078-41d8-a93f-43792d2c72b7""]",0,"[""03acd0c5-6ea6-4dc7-8f7a-dd06473729b8"",""9a25eef2-9ec4-44ce-966e-a6a21e041aa3"",""b3708985-23b2-4b1b-857d-30e2cb2fdcb2"",""d00cfda8-8c63-4bf0-8f7f-1ec5f15e32fb"",""5d8403f4-9d48-474f-ad8e-d621ec4a6c6a"",""14105d8c-d078-41d8-a93f-43792d2c72b7""]",845605,complete,tokens,"[""03acd0c5-6ea6-4dc7-8f7a-dd06473729b8"",""9a25eef2-9ec4-44ce-966e-a6a21e041aa3"",""b3708985-23b2-4b1b-857d-30e2cb2fdcb2"",""d00cfda8-8c63-4bf0-8f7f-1ec5f15e32fb"",""5d8403f4-9d48-474f-ad8e-d621ec4a6c6a"",""14105d8c-d078-41d8-a93f-43792d2c72b7""]",845605,"[""03acd0c5-6ea6-4dc7-8f7a-dd06473729b8"",""9a25eef2-9ec4-44ce-966e-a6a21e041aa3"",""b3708985-23b2-4b1b-857d-30e2cb2fdcb2"",""d00cfda8-8c63-4bf0-8f7f-1ec5f15e32fb"",""5d8403f4-9d48-474f-ad8e-d621ec4a6c6a"",""14105d8c-d078-41d8-a93f-43792d2c72b7""]",845623,complete,tokens,"[""03acd0c5-6ea6-4dc7-8f7a-dd06473729b8"",""9a25eef2-9ec4-44ce-966e-a6a21e041aa3"",""b3708985-23b2-4b1b-857d-30e2cb2fdcb2"",""d00cfda8-8c63-4bf0-8f7f-1ec5f15e32fb"",""5d8403f4-9d48-474f-ad8e-d621ec4a6c6a"",""14105d8c-d078-41d8-a93f-43792d2c72b7""]",845623,"[""03acd0c5-6ea6-4dc7-8f7a-dd06473729b8"",""9a25eef2-9ec4-44ce-966e-a6a21e041aa3"",""b3708985-23b2-4b1b-857d-30e2cb2fdcb2"",""d00cfda8-8c63-4bf0-8f7f-1ec5f15e32fb"",""5d8403f4-9d48-474f-ad8e-d621ec4a6c6a"",""14105d8c-d078-41d8-a93f-43792d2c72b7""]",,missing,tokens,[],,"[""03acd0c5-6ea6-4dc7-8f7a-dd06473729b8"",""9a25eef2-9ec4-44ce-966e-a6a21e041aa3"",""b3708985-23b2-4b1b-857d-30e2cb2fdcb2"",""d00cfda8-8c63-4bf0-8f7f-1ec5f15e32fb"",""5d8403f4-9d48-474f-ad8e-d621ec4a6c6a"",""14105d8c-d078-41d8-a93f-43792d2c72b7""]",13893,complete,tokens,"[""03acd0c5-6ea6-4dc7-8f7a-dd06473729b8"",""9a25eef2-9ec4-44ce-966e-a6a21e041aa3"",""b3708985-23b2-4b1b-857d-30e2cb2fdcb2"",""d00cfda8-8c63-4bf0-8f7f-1ec5f15e32fb"",""5d8403f4-9d48-474f-ad8e-d621ec4a6c6a"",""14105d8c-d078-41d8-a93f-43792d2c72b7""]",13893,"[""03acd0c5-6ea6-4dc7-8f7a-dd06473729b8"",""9a25eef2-9ec4-44ce-966e-a6a21e041aa3"",""b3708985-23b2-4b1b-857d-30e2cb2fdcb2"",""d00cfda8-8c63-4bf0-8f7f-1ec5f15e32fb"",""5d8403f4-9d48-474f-ad8e-d621ec4a6c6a"",""14105d8c-d078-41d8-a93f-43792d2c72b7""]",5295,complete,tokens,"[""03acd0c5-6ea6-4dc7-8f7a-dd06473729b8"",""9a25eef2-9ec4-44ce-966e-a6a21e041aa3"",""b3708985-23b2-4b1b-857d-30e2cb2fdcb2"",""d00cfda8-8c63-4bf0-8f7f-1ec5f15e32fb"",""5d8403f4-9d48-474f-ad8e-d621ec4a6c6a"",""14105d8c-d078-41d8-a93f-43792d2c72b7""]",5295,"[""03acd0c5-6ea6-4dc7-8f7a-dd06473729b8"",""9a25eef2-9ec4-44ce-966e-a6a21e041aa3"",""b3708985-23b2-4b1b-857d-30e2cb2fdcb2"",""d00cfda8-8c63-4bf0-8f7f-1ec5f15e32fb"",""5d8403f4-9d48-474f-ad8e-d621ec4a6c6a"",""14105d8c-d078-41d8-a93f-43792d2c72b7""]",859516,complete,tokens,"[""03acd0c5-6ea6-4dc7-8f7a-dd06473729b8"",""9a25eef2-9ec4-44ce-966e-a6a21e041aa3"",""b3708985-23b2-4b1b-857d-30e2cb2fdcb2"",""d00cfda8-8c63-4bf0-8f7f-1ec5f15e32fb"",""5d8403f4-9d48-474f-ad8e-d621ec4a6c6a"",""14105d8c-d078-41d8-a93f-43792d2c72b7""]",859516,,193f254f-7d66-416b-97d3-f7c0802fc55d,observed,s,432.367894156,decimal,6,eb52c0d2-2314-4577-9c3c-7281d4db059e,8621d2b1-1136-4993-824c-90982a428139,2026-10-07T18:43:10.185725Z,complete,terminal,,F derived from result binding fa34760b01f1f6a3fb782dd479a37d76b131c9a6e2bb6f69baed59e87c9dbf54,observed,F,1,text,sealed,content_failure,M7 exact derivation,observed,diagnoses,1,M7 exact derivation,observed,lines,45,9,20,M7 exact derivation,observed,diagnoses_per_100_lines,20/9,True,mixed: explicit per observation
M7-analysis-v5,184b05d2-2f8e-5d0c-89a1-eddf992ccdf9,4,da6ea9e9345987541cd7c36ae422262583816e19fb5a29b5cab23e44577d756a,C-BF-0,19fa6fbf4f554673689996213945dcaed831a9bf0fbdc6988698abb77fd647ee,90318496-3af4-49cd-a20d-b85db76e5a0a,dbb63e68d4ed9e904fa985aa5b88d674205b6caab086a8d981ac8918a9c68fb5,"[""4afc763c-033e-501c-9c9c-453207d31e62"",""1fed9611-d0cc-51e5-86e7-4ba237c836a2"",""0e4d4039-5409-5be7-a300-ded85e9c22d7"",""1c4afc6f-6679-57b7-ab6b-cec3053e85a1"",""76216ff6-0dab-5f43-913f-741c2deb7596"",""fe7c5fea-171a-5d3e-b93c-b9d53dca7c67"",""784c942d-b222-5013-a2e4-de4aa477a143"",""2f2d84f4-6f41-5df7-a828-cc0a3d9cdddf"",""c68f6332-f200-5595-940d-e5bcad78f1fe"",""54c3aba8-cb42-5023-9591-5cdd68bdd7c5"",""b9ac296e-4c6c-5cdc-9e03-14868c124af2"",""022ddff9-4332-5ba5-b884-42537f220a0c"",""0d262496-18e1-5973-84a6-84fbda64d0ff"",""447860c8-1d56-518b-88ad-7e103990b756"",""616ecfda-7163-5a8d-ba60-01f623d8b124"",""656bacfc-b102-5379-8db2-2f9f127621e0"",""88f2e658-6155-5924-bc85-63fe2aabb08a"",""9f032fb3-90ca-5749-aff5-1065077ac10e"",""4d2e4005-a84b-525b-a492-d367c5e405d0"",""12b20e20-e117-5c00-83bc-e589b92b730e"",""e97a5398-37b9-5e89-91a9-9b3ae48d9534"",""7a8f92c5-5f85-593a-bf90-08e13c60a2e6"",""aa66f5e3-ac0e-57d6-9b69-aa54ea7c4fb9"",""d07b7490-853e-562b-b662-305e89e7718d"",""596c0800-372d-5056-8a35-9f8661656bf4"",""d08816e6-d4d6-5f35-9de3-d86528fa7a96"",""2e126757-f17e-5ee2-93db-94d31ed944b2"",""5e1af4e2-330f-563f-b639-2d3cd8d276c8"",""49cd1889-2a56-5913-8723-929335f68874"",""82b898ba-3b6d-567f-8996-4f259b74547e"",""d38eb7d2-e78b-5c2f-93e4-2e34846e80e6"",""33effc64-dcfe-5ced-badf-c4df49f68dc1"",""a3a03b99-34c0-504b-b529-32b798db318a"",""8b3ec7b0-123f-5597-95f7-1fafc5810d01"",""035c5442-19b8-5a84-8a59-b352a9660279"",""d6d45010-72fa-5741-b733-88958a8795d2"",""ab8215e5-b753-5a6a-a4e7-ad9caf42eeac"",""1b20061c-b208-551a-b06c-81ffeff623fc"",""9b6d0913-2ae6-5dab-ab36-d05e1c51b208"",""a27c1fb2-edc1-57e6-9d74-adb5a13fed3b"",""4696448b-8c21-591b-80cc-7344ea0b95ec"",""c1d75a33-928c-5636-b99c-def1fb29e0f5"",""61eebfb6-2555-5bce-ba71-7a750427392a"",""aba074a1-d451-595d-bc12-e257adbe7383"",""1ca34094-ee4d-5962-a78a-174d361a9cd3"",""7edb0577-da07-5c6f-8391-bb90e9822165"",""d7c5d484-54dc-5d1e-a3ac-65d60267a12c"",""f416cc8b-3bc2-5c4c-a91c-c56faf748684""]",1,1,M7 exact derivation,observed,ratio,1,M7 exact derivation,observed,binary,1,M7 exact derivation,observed,binary,1,M7 exact derivation,observed,binary,1,M7 exact derivation,observed,binary,1,M7 exact derivation,observed,binary,1,M7 exact derivation,observed,binary,1,M7 exact derivation,observed,binary,1,,M6-evaluator-v1,observed,binary,1,decimal,,Menschliche lokale Selbstauskunft,observed,binary,1,decimal,,Menschliche lokale Selbstauskunft,observed,binary,1,decimal,,Menschliche lokale Selbstauskunft,observed,binary,1,decimal,,M6-evaluator-v1,observed,binary,1,decimal,M7 exact derivation,observed,binary,1,ab8215e5-b753-5a6a-a4e7-ad9caf42eeac,False,,37,Not collected,not_collected,s,,6,Not collected,not_collected,s,,0.113443675,USD,0.113443675,known,Not collected,not_collected,s,,Not collected,not_collected,s,,Not collected,not_collected,s,,Not collected,not_collected,s,,,c00fc1f6-f425-421b-81aa-bd2e3f042d46,observed,s,0,decimal,,c00fc1f6-f425-421b-81aa-bd2e3f042d46,observed,s,0,decimal,,c00fc1f6-f425-421b-81aa-bd2e3f042d46,observed,s,453.781082707,decimal,1,Not collected,not_collected,s,,Not collected,not_collected,s,,"[""dca30f31-ef50-4a65-9849-3a54c09ec284"",""12cb672b-62e0-4e1c-a698-b03279916b05"",""96cea0a5-3448-4938-a8ea-9695ff203d3d"",""431a3cf4-d3fa-4ff6-952e-d6a6bc696530"",""9818721d-1fa4-4cc5-96ea-780c3057d181"",""70a94b53-35ed-4f14-bf4c-6a9b6ce8d23f""]",0,complete,tokens,"[""dca30f31-ef50-4a65-9849-3a54c09ec284"",""12cb672b-62e0-4e1c-a698-b03279916b05"",""96cea0a5-3448-4938-a8ea-9695ff203d3d"",""431a3cf4-d3fa-4ff6-952e-d6a6bc696530"",""9818721d-1fa4-4cc5-96ea-780c3057d181"",""70a94b53-35ed-4f14-bf4c-6a9b6ce8d23f""]",0,"[""dca30f31-ef50-4a65-9849-3a54c09ec284"",""12cb672b-62e0-4e1c-a698-b03279916b05"",""96cea0a5-3448-4938-a8ea-9695ff203d3d"",""431a3cf4-d3fa-4ff6-952e-d6a6bc696530"",""9818721d-1fa4-4cc5-96ea-780c3057d181"",""70a94b53-35ed-4f14-bf4c-6a9b6ce8d23f""]",843271,complete,tokens,"[""dca30f31-ef50-4a65-9849-3a54c09ec284"",""12cb672b-62e0-4e1c-a698-b03279916b05"",""96cea0a5-3448-4938-a8ea-9695ff203d3d"",""431a3cf4-d3fa-4ff6-952e-d6a6bc696530"",""9818721d-1fa4-4cc5-96ea-780c3057d181"",""70a94b53-35ed-4f14-bf4c-6a9b6ce8d23f""]",843271,"[""dca30f31-ef50-4a65-9849-3a54c09ec284"",""12cb672b-62e0-4e1c-a698-b03279916b05"",""96cea0a5-3448-4938-a8ea-9695ff203d3d"",""431a3cf4-d3fa-4ff6-952e-d6a6bc696530"",""9818721d-1fa4-4cc5-96ea-780c3057d181"",""70a94b53-35ed-4f14-bf4c-6a9b6ce8d23f""]",843289,complete,tokens,"[""dca30f31-ef50-4a65-9849-3a54c09ec284"",""12cb672b-62e0-4e1c-a698-b03279916b05"",""96cea0a5-3448-4938-a8ea-9695ff203d3d"",""431a3cf4-d3fa-4ff6-952e-d6a6bc696530"",""9818721d-1fa4-4cc5-96ea-780c3057d181"",""70a94b53-35ed-4f14-bf4c-6a9b6ce8d23f""]",843289,"[""dca30f31-ef50-4a65-9849-3a54c09ec284"",""12cb672b-62e0-4e1c-a698-b03279916b05"",""96cea0a5-3448-4938-a8ea-9695ff203d3d"",""431a3cf4-d3fa-4ff6-952e-d6a6bc696530"",""9818721d-1fa4-4cc5-96ea-780c3057d181"",""70a94b53-35ed-4f14-bf4c-6a9b6ce8d23f""]",,missing,tokens,[],,"[""dca30f31-ef50-4a65-9849-3a54c09ec284"",""12cb672b-62e0-4e1c-a698-b03279916b05"",""96cea0a5-3448-4938-a8ea-9695ff203d3d"",""431a3cf4-d3fa-4ff6-952e-d6a6bc696530"",""9818721d-1fa4-4cc5-96ea-780c3057d181"",""70a94b53-35ed-4f14-bf4c-6a9b6ce8d23f""]",16066,complete,tokens,"[""dca30f31-ef50-4a65-9849-3a54c09ec284"",""12cb672b-62e0-4e1c-a698-b03279916b05"",""96cea0a5-3448-4938-a8ea-9695ff203d3d"",""431a3cf4-d3fa-4ff6-952e-d6a6bc696530"",""9818721d-1fa4-4cc5-96ea-780c3057d181"",""70a94b53-35ed-4f14-bf4c-6a9b6ce8d23f""]",16066,"[""dca30f31-ef50-4a65-9849-3a54c09ec284"",""12cb672b-62e0-4e1c-a698-b03279916b05"",""96cea0a5-3448-4938-a8ea-9695ff203d3d"",""431a3cf4-d3fa-4ff6-952e-d6a6bc696530"",""9818721d-1fa4-4cc5-96ea-780c3057d181"",""70a94b53-35ed-4f14-bf4c-6a9b6ce8d23f""]",8002,complete,tokens,"[""dca30f31-ef50-4a65-9849-3a54c09ec284"",""12cb672b-62e0-4e1c-a698-b03279916b05"",""96cea0a5-3448-4938-a8ea-9695ff203d3d"",""431a3cf4-d3fa-4ff6-952e-d6a6bc696530"",""9818721d-1fa4-4cc5-96ea-780c3057d181"",""70a94b53-35ed-4f14-bf4c-6a9b6ce8d23f""]",8002,"[""dca30f31-ef50-4a65-9849-3a54c09ec284"",""12cb672b-62e0-4e1c-a698-b03279916b05"",""96cea0a5-3448-4938-a8ea-9695ff203d3d"",""431a3cf4-d3fa-4ff6-952e-d6a6bc696530"",""9818721d-1fa4-4cc5-96ea-780c3057d181"",""70a94b53-35ed-4f14-bf4c-6a9b6ce8d23f""]",859355,complete,tokens,"[""dca30f31-ef50-4a65-9849-3a54c09ec284"",""12cb672b-62e0-4e1c-a698-b03279916b05"",""96cea0a5-3448-4938-a8ea-9695ff203d3d"",""431a3cf4-d3fa-4ff6-952e-d6a6bc696530"",""9818721d-1fa4-4cc5-96ea-780c3057d181"",""70a94b53-35ed-4f14-bf4c-6a9b6ce8d23f""]",859355,,c00fc1f6-f425-421b-81aa-bd2e3f042d46,observed,s,453.781082707,decimal,6,c9e2f4a7-a3de-4249-8e90-be53fda87bef,7965e6be-14d6-48da-8f5b-cae3e07a257d,2026-10-07T19:05:50.194340Z,complete,terminal,,F derived from result binding 8cd277281e2fa362b2e0cc9520525446d24c7554794940c0bb492ced1924e729,observed,F,1,text,sealed,content_failure,M7 exact derivation,observed,diagnoses,0,M7 exact derivation,observed,lines,41,1,0,M7 exact derivation,observed,diagnoses_per_100_lines,0,True,mixed: explicit per observation
M7-analysis-v5,184b05d2-2f8e-5d0c-89a1-eddf992ccdf9,4,d020e075003de022dcc8cccdb5d8ecedd97130b1e85e33a119c5726f874860fc,C-BF-1,202e1e0a33d9d0d7b92585572740cd6b1ca70f7699cac883e8579e11bac45057,651e080b-10b7-40ff-9204-1dd148ce6638,dbb63e68d4ed9e904fa985aa5b88d674205b6caab086a8d981ac8918a9c68fb5,"[""4afc763c-033e-501c-9c9c-453207d31e62"",""1fed9611-d0cc-51e5-86e7-4ba237c836a2"",""0e4d4039-5409-5be7-a300-ded85e9c22d7"",""1c4afc6f-6679-57b7-ab6b-cec3053e85a1"",""76216ff6-0dab-5f43-913f-741c2deb7596"",""fe7c5fea-171a-5d3e-b93c-b9d53dca7c67"",""784c942d-b222-5013-a2e4-de4aa477a143"",""2f2d84f4-6f41-5df7-a828-cc0a3d9cdddf"",""c68f6332-f200-5595-940d-e5bcad78f1fe"",""54c3aba8-cb42-5023-9591-5cdd68bdd7c5"",""b9ac296e-4c6c-5cdc-9e03-14868c124af2"",""022ddff9-4332-5ba5-b884-42537f220a0c"",""0d262496-18e1-5973-84a6-84fbda64d0ff"",""447860c8-1d56-518b-88ad-7e103990b756"",""616ecfda-7163-5a8d-ba60-01f623d8b124"",""656bacfc-b102-5379-8db2-2f9f127621e0"",""88f2e658-6155-5924-bc85-63fe2aabb08a"",""9f032fb3-90ca-5749-aff5-1065077ac10e"",""4d2e4005-a84b-525b-a492-d367c5e405d0"",""12b20e20-e117-5c00-83bc-e589b92b730e"",""e97a5398-37b9-5e89-91a9-9b3ae48d9534"",""7a8f92c5-5f85-593a-bf90-08e13c60a2e6"",""aa66f5e3-ac0e-57d6-9b69-aa54ea7c4fb9"",""d07b7490-853e-562b-b662-305e89e7718d"",""596c0800-372d-5056-8a35-9f8661656bf4"",""d08816e6-d4d6-5f35-9de3-d86528fa7a96"",""2e126757-f17e-5ee2-93db-94d31ed944b2"",""5e1af4e2-330f-563f-b639-2d3cd8d276c8"",""49cd1889-2a56-5913-8723-929335f68874"",""82b898ba-3b6d-567f-8996-4f259b74547e"",""d38eb7d2-e78b-5c2f-93e4-2e34846e80e6"",""33effc64-dcfe-5ced-badf-c4df49f68dc1"",""a3a03b99-34c0-504b-b529-32b798db318a"",""8b3ec7b0-123f-5597-95f7-1fafc5810d01"",""035c5442-19b8-5a84-8a59-b352a9660279"",""d6d45010-72fa-5741-b733-88958a8795d2"",""ab8215e5-b753-5a6a-a4e7-ad9caf42eeac"",""1b20061c-b208-551a-b06c-81ffeff623fc"",""9b6d0913-2ae6-5dab-ab36-d05e1c51b208"",""a27c1fb2-edc1-57e6-9d74-adb5a13fed3b"",""4696448b-8c21-591b-80cc-7344ea0b95ec"",""c1d75a33-928c-5636-b99c-def1fb29e0f5"",""61eebfb6-2555-5bce-ba71-7a750427392a"",""aba074a1-d451-595d-bc12-e257adbe7383"",""1ca34094-ee4d-5962-a78a-174d361a9cd3"",""7edb0577-da07-5c6f-8391-bb90e9822165"",""d7c5d484-54dc-5d1e-a3ac-65d60267a12c"",""f416cc8b-3bc2-5c4c-a91c-c56faf748684""]",1,1,M7 exact derivation,observed,ratio,1,M7 exact derivation,observed,binary,1,M7 exact derivation,observed,binary,1,M7 exact derivation,observed,binary,1,M7 exact derivation,observed,binary,1,M7 exact derivation,observed,binary,1,M7 exact derivation,observed,binary,1,M7 exact derivation,observed,binary,1,,M6-evaluator-v1,observed,binary,1,decimal,,Menschliche lokale Selbstauskunft,observed,binary,1,decimal,,Menschliche lokale Selbstauskunft,observed,binary,1,decimal,,Menschliche lokale Selbstauskunft,observed,binary,1,decimal,,M6-evaluator-v1,observed,binary,1,decimal,M7 exact derivation,observed,binary,1,1b20061c-b208-551a-b06c-81ffeff623fc,False,,38,Not collected,not_collected,s,,6,Not collected,not_collected,s,,0.113488175,USD,0.113488175,known,Not collected,not_collected,s,,Not collected,not_collected,s,,Not collected,not_collected,s,,Not collected,not_collected,s,,,59ead481-4abf-4915-b993-80cdc5e43575,observed,s,0,decimal,,59ead481-4abf-4915-b993-80cdc5e43575,observed,s,0,decimal,,59ead481-4abf-4915-b993-80cdc5e43575,observed,s,414.274234104,decimal,1,Not collected,not_collected,s,,Not collected,not_collected,s,,"[""a65a95f1-31c3-438e-9a44-28571dd6d496"",""951f75f7-209c-4c17-8e3a-e56dead9ed40"",""cd5e9eb5-b1dc-4d6d-aad2-5903a1c08512"",""bd497055-4c09-4d30-9f20-8302dd60d887"",""4b47583b-2699-43d1-b6a0-6318a20bd4e7"",""4ae1fb5f-3309-4561-a1fe-36482a13f809""]",0,complete,tokens,"[""a65a95f1-31c3-438e-9a44-28571dd6d496"",""951f75f7-209c-4c17-8e3a-e56dead9ed40"",""cd5e9eb5-b1dc-4d6d-aad2-5903a1c08512"",""bd497055-4c09-4d30-9f20-8302dd60d887"",""4b47583b-2699-43d1-b6a0-6318a20bd4e7"",""4ae1fb5f-3309-4561-a1fe-36482a13f809""]",0,"[""a65a95f1-31c3-438e-9a44-28571dd6d496"",""951f75f7-209c-4c17-8e3a-e56dead9ed40"",""cd5e9eb5-b1dc-4d6d-aad2-5903a1c08512"",""bd497055-4c09-4d30-9f20-8302dd60d887"",""4b47583b-2699-43d1-b6a0-6318a20bd4e7"",""4ae1fb5f-3309-4561-a1fe-36482a13f809""]",855719,complete,tokens,"[""a65a95f1-31c3-438e-9a44-28571dd6d496"",""951f75f7-209c-4c17-8e3a-e56dead9ed40"",""cd5e9eb5-b1dc-4d6d-aad2-5903a1c08512"",""bd497055-4c09-4d30-9f20-8302dd60d887"",""4b47583b-2699-43d1-b6a0-6318a20bd4e7"",""4ae1fb5f-3309-4561-a1fe-36482a13f809""]",855719,"[""a65a95f1-31c3-438e-9a44-28571dd6d496"",""951f75f7-209c-4c17-8e3a-e56dead9ed40"",""cd5e9eb5-b1dc-4d6d-aad2-5903a1c08512"",""bd497055-4c09-4d30-9f20-8302dd60d887"",""4b47583b-2699-43d1-b6a0-6318a20bd4e7"",""4ae1fb5f-3309-4561-a1fe-36482a13f809""]",855737,complete,tokens,"[""a65a95f1-31c3-438e-9a44-28571dd6d496"",""951f75f7-209c-4c17-8e3a-e56dead9ed40"",""cd5e9eb5-b1dc-4d6d-aad2-5903a1c08512"",""bd497055-4c09-4d30-9f20-8302dd60d887"",""4b47583b-2699-43d1-b6a0-6318a20bd4e7"",""4ae1fb5f-3309-4561-a1fe-36482a13f809""]",855737,"[""a65a95f1-31c3-438e-9a44-28571dd6d496"",""951f75f7-209c-4c17-8e3a-e56dead9ed40"",""cd5e9eb5-b1dc-4d6d-aad2-5903a1c08512"",""bd497055-4c09-4d30-9f20-8302dd60d887"",""4b47583b-2699-43d1-b6a0-6318a20bd4e7"",""4ae1fb5f-3309-4561-a1fe-36482a13f809""]",,missing,tokens,[],,"[""a65a95f1-31c3-438e-9a44-28571dd6d496"",""951f75f7-209c-4c17-8e3a-e56dead9ed40"",""cd5e9eb5-b1dc-4d6d-aad2-5903a1c08512"",""bd497055-4c09-4d30-9f20-8302dd60d887"",""4b47583b-2699-43d1-b6a0-6318a20bd4e7"",""4ae1fb5f-3309-4561-a1fe-36482a13f809""]",13043,complete,tokens,"[""a65a95f1-31c3-438e-9a44-28571dd6d496"",""951f75f7-209c-4c17-8e3a-e56dead9ed40"",""cd5e9eb5-b1dc-4d6d-aad2-5903a1c08512"",""bd497055-4c09-4d30-9f20-8302dd60d887"",""4b47583b-2699-43d1-b6a0-6318a20bd4e7"",""4ae1fb5f-3309-4561-a1fe-36482a13f809""]",13043,"[""a65a95f1-31c3-438e-9a44-28571dd6d496"",""951f75f7-209c-4c17-8e3a-e56dead9ed40"",""cd5e9eb5-b1dc-4d6d-aad2-5903a1c08512"",""bd497055-4c09-4d30-9f20-8302dd60d887"",""4b47583b-2699-43d1-b6a0-6318a20bd4e7"",""4ae1fb5f-3309-4561-a1fe-36482a13f809""]",5596,complete,tokens,"[""a65a95f1-31c3-438e-9a44-28571dd6d496"",""951f75f7-209c-4c17-8e3a-e56dead9ed40"",""cd5e9eb5-b1dc-4d6d-aad2-5903a1c08512"",""bd497055-4c09-4d30-9f20-8302dd60d887"",""4b47583b-2699-43d1-b6a0-6318a20bd4e7"",""4ae1fb5f-3309-4561-a1fe-36482a13f809""]",5596,"[""a65a95f1-31c3-438e-9a44-28571dd6d496"",""951f75f7-209c-4c17-8e3a-e56dead9ed40"",""cd5e9eb5-b1dc-4d6d-aad2-5903a1c08512"",""bd497055-4c09-4d30-9f20-8302dd60d887"",""4b47583b-2699-43d1-b6a0-6318a20bd4e7"",""4ae1fb5f-3309-4561-a1fe-36482a13f809""]",868780,complete,tokens,"[""a65a95f1-31c3-438e-9a44-28571dd6d496"",""951f75f7-209c-4c17-8e3a-e56dead9ed40"",""cd5e9eb5-b1dc-4d6d-aad2-5903a1c08512"",""bd497055-4c09-4d30-9f20-8302dd60d887"",""4b47583b-2699-43d1-b6a0-6318a20bd4e7"",""4ae1fb5f-3309-4561-a1fe-36482a13f809""]",868780,,59ead481-4abf-4915-b993-80cdc5e43575,observed,s,414.274234104,decimal,6,0dcdded8-ae9f-420c-af06-5e7a2dfc1af7,15b9310b-1c10-4e5e-a266-44d45b0050dc,2026-10-07T19:25:24.732977Z,complete,terminal,,F derived from result binding f57cc2dea4378cb83c54db3e262d59ec5f816fca623c9b90e0efa4d8b880d543,observed,F,1,text,sealed,finished,M7 exact derivation,observed,diagnoses,0,M7 exact derivation,observed,lines,50,1,0,M7 exact derivation,observed,diagnoses_per_100_lines,0,True,mixed: explicit per observation
M7-analysis-v5,184b05d2-2f8e-5d0c-89a1-eddf992ccdf9,4,310fc93aaef35c7f963d2fd9a0f10aeab94aa92fc21a8664cf712aa51ef57de8,C-SQL-0,0294f6c032f413f4245e83b15db52ab8f50ccfa6163f315fda209ab5b27f96be,a132b12b-e7a2-4837-8603-2cfe9fd0228c,dbb63e68d4ed9e904fa985aa5b88d674205b6caab086a8d981ac8918a9c68fb5,"[""4afc763c-033e-501c-9c9c-453207d31e62"",""1fed9611-d0cc-51e5-86e7-4ba237c836a2"",""0e4d4039-5409-5be7-a300-ded85e9c22d7"",""1c4afc6f-6679-57b7-ab6b-cec3053e85a1"",""76216ff6-0dab-5f43-913f-741c2deb7596"",""fe7c5fea-171a-5d3e-b93c-b9d53dca7c67"",""784c942d-b222-5013-a2e4-de4aa477a143"",""2f2d84f4-6f41-5df7-a828-cc0a3d9cdddf"",""c68f6332-f200-5595-940d-e5bcad78f1fe"",""54c3aba8-cb42-5023-9591-5cdd68bdd7c5"",""b9ac296e-4c6c-5cdc-9e03-14868c124af2"",""022ddff9-4332-5ba5-b884-42537f220a0c"",""0d262496-18e1-5973-84a6-84fbda64d0ff"",""447860c8-1d56-518b-88ad-7e103990b756"",""616ecfda-7163-5a8d-ba60-01f623d8b124"",""656bacfc-b102-5379-8db2-2f9f127621e0"",""88f2e658-6155-5924-bc85-63fe2aabb08a"",""9f032fb3-90ca-5749-aff5-1065077ac10e"",""4d2e4005-a84b-525b-a492-d367c5e405d0"",""12b20e20-e117-5c00-83bc-e589b92b730e"",""e97a5398-37b9-5e89-91a9-9b3ae48d9534"",""7a8f92c5-5f85-593a-bf90-08e13c60a2e6"",""aa66f5e3-ac0e-57d6-9b69-aa54ea7c4fb9"",""d07b7490-853e-562b-b662-305e89e7718d"",""596c0800-372d-5056-8a35-9f8661656bf4"",""d08816e6-d4d6-5f35-9de3-d86528fa7a96"",""2e126757-f17e-5ee2-93db-94d31ed944b2"",""5e1af4e2-330f-563f-b639-2d3cd8d276c8"",""49cd1889-2a56-5913-8723-929335f68874"",""82b898ba-3b6d-567f-8996-4f259b74547e"",""d38eb7d2-e78b-5c2f-93e4-2e34846e80e6"",""33effc64-dcfe-5ced-badf-c4df49f68dc1"",""a3a03b99-34c0-504b-b529-32b798db318a"",""8b3ec7b0-123f-5597-95f7-1fafc5810d01"",""035c5442-19b8-5a84-8a59-b352a9660279"",""d6d45010-72fa-5741-b733-88958a8795d2"",""ab8215e5-b753-5a6a-a4e7-ad9caf42eeac"",""1b20061c-b208-551a-b06c-81ffeff623fc"",""9b6d0913-2ae6-5dab-ab36-d05e1c51b208"",""a27c1fb2-edc1-57e6-9d74-adb5a13fed3b"",""4696448b-8c21-591b-80cc-7344ea0b95ec"",""c1d75a33-928c-5636-b99c-def1fb29e0f5"",""61eebfb6-2555-5bce-ba71-7a750427392a"",""aba074a1-d451-595d-bc12-e257adbe7383"",""1ca34094-ee4d-5962-a78a-174d361a9cd3"",""7edb0577-da07-5c6f-8391-bb90e9822165"",""d7c5d484-54dc-5d1e-a3ac-65d60267a12c"",""f416cc8b-3bc2-5c4c-a91c-c56faf748684""]",1,1,M7 exact derivation,observed,ratio,1,M7 exact derivation,observed,binary,1,M7 exact derivation,observed,binary,1,M7 exact derivation,observed,binary,1,M7 exact derivation,observed,binary,1,M7 exact derivation,observed,binary,1,M7 exact derivation,observed,binary,1,M7 exact derivation,observed,binary,1,,M6-evaluator-v1,observed,binary,1,decimal,,Menschliche lokale Selbstauskunft,observed,binary,1,decimal,,Menschliche lokale Selbstauskunft,observed,binary,1,decimal,,Menschliche lokale Selbstauskunft,observed,binary,1,decimal,,M6-evaluator-v1,observed,binary,1,decimal,M7 exact derivation,observed,binary,1,9b6d0913-2ae6-5dab-ab36-d05e1c51b208,False,,39,Not collected,not_collected,s,,6,Not collected,not_collected,s,,0.112820675,USD,0.112820675,known,Not collected,not_collected,s,,Not collected,not_collected,s,,Not collected,not_collected,s,,Not collected,not_collected,s,,,fbf09b68-5279-4968-a9b4-d1c671c268a5,observed,s,0,decimal,,fbf09b68-5279-4968-a9b4-d1c671c268a5,observed,s,0,decimal,,fbf09b68-5279-4968-a9b4-d1c671c268a5,observed,s,438.365149327,decimal,1,Not collected,not_collected,s,,Not collected,not_collected,s,,"[""605b98a2-d621-439e-b674-e1637baae88d"",""2b69b171-2466-48d3-8288-cf4a6a3ee311"",""74bd09c4-e132-4b17-830b-2c5d0cc17198"",""7774d958-ad7a-4ab1-8ce3-2e0c9e045094"",""78252582-f8d9-45fa-906a-614e217121c7"",""889c4c89-58b7-4b5b-98e1-ebaf42a98167""]",0,complete,tokens,"[""605b98a2-d621-439e-b674-e1637baae88d"",""2b69b171-2466-48d3-8288-cf4a6a3ee311"",""74bd09c4-e132-4b17-830b-2c5d0cc17198"",""7774d958-ad7a-4ab1-8ce3-2e0c9e045094"",""78252582-f8d9-45fa-906a-614e217121c7"",""889c4c89-58b7-4b5b-98e1-ebaf42a98167""]",0,"[""605b98a2-d621-439e-b674-e1637baae88d"",""2b69b171-2466-48d3-8288-cf4a6a3ee311"",""74bd09c4-e132-4b17-830b-2c5d0cc17198"",""7774d958-ad7a-4ab1-8ce3-2e0c9e045094"",""78252582-f8d9-45fa-906a-614e217121c7"",""889c4c89-58b7-4b5b-98e1-ebaf42a98167""]",843755,complete,tokens,"[""605b98a2-d621-439e-b674-e1637baae88d"",""2b69b171-2466-48d3-8288-cf4a6a3ee311"",""74bd09c4-e132-4b17-830b-2c5d0cc17198"",""7774d958-ad7a-4ab1-8ce3-2e0c9e045094"",""78252582-f8d9-45fa-906a-614e217121c7"",""889c4c89-58b7-4b5b-98e1-ebaf42a98167""]",843755,"[""605b98a2-d621-439e-b674-e1637baae88d"",""2b69b171-2466-48d3-8288-cf4a6a3ee311"",""74bd09c4-e132-4b17-830b-2c5d0cc17198"",""7774d958-ad7a-4ab1-8ce3-2e0c9e045094"",""78252582-f8d9-45fa-906a-614e217121c7"",""889c4c89-58b7-4b5b-98e1-ebaf42a98167""]",843773,complete,tokens,"[""605b98a2-d621-439e-b674-e1637baae88d"",""2b69b171-2466-48d3-8288-cf4a6a3ee311"",""74bd09c4-e132-4b17-830b-2c5d0cc17198"",""7774d958-ad7a-4ab1-8ce3-2e0c9e045094"",""78252582-f8d9-45fa-906a-614e217121c7"",""889c4c89-58b7-4b5b-98e1-ebaf42a98167""]",843773,"[""605b98a2-d621-439e-b674-e1637baae88d"",""2b69b171-2466-48d3-8288-cf4a6a3ee311"",""74bd09c4-e132-4b17-830b-2c5d0cc17198"",""7774d958-ad7a-4ab1-8ce3-2e0c9e045094"",""78252582-f8d9-45fa-906a-614e217121c7"",""889c4c89-58b7-4b5b-98e1-ebaf42a98167""]",,missing,tokens,[],,"[""605b98a2-d621-439e-b674-e1637baae88d"",""2b69b171-2466-48d3-8288-cf4a6a3ee311"",""74bd09c4-e132-4b17-830b-2c5d0cc17198"",""7774d958-ad7a-4ab1-8ce3-2e0c9e045094"",""78252582-f8d9-45fa-906a-614e217121c7"",""889c4c89-58b7-4b5b-98e1-ebaf42a98167""]",14699,complete,tokens,"[""605b98a2-d621-439e-b674-e1637baae88d"",""2b69b171-2466-48d3-8288-cf4a6a3ee311"",""74bd09c4-e132-4b17-830b-2c5d0cc17198"",""7774d958-ad7a-4ab1-8ce3-2e0c9e045094"",""78252582-f8d9-45fa-906a-614e217121c7"",""889c4c89-58b7-4b5b-98e1-ebaf42a98167""]",14699,"[""605b98a2-d621-439e-b674-e1637baae88d"",""2b69b171-2466-48d3-8288-cf4a6a3ee311"",""74bd09c4-e132-4b17-830b-2c5d0cc17198"",""7774d958-ad7a-4ab1-8ce3-2e0c9e045094"",""78252582-f8d9-45fa-906a-614e217121c7"",""889c4c89-58b7-4b5b-98e1-ebaf42a98167""]",7226,complete,tokens,"[""605b98a2-d621-439e-b674-e1637baae88d"",""2b69b171-2466-48d3-8288-cf4a6a3ee311"",""74bd09c4-e132-4b17-830b-2c5d0cc17198"",""7774d958-ad7a-4ab1-8ce3-2e0c9e045094"",""78252582-f8d9-45fa-906a-614e217121c7"",""889c4c89-58b7-4b5b-98e1-ebaf42a98167""]",7226,"[""605b98a2-d621-439e-b674-e1637baae88d"",""2b69b171-2466-48d3-8288-cf4a6a3ee311"",""74bd09c4-e132-4b17-830b-2c5d0cc17198"",""7774d958-ad7a-4ab1-8ce3-2e0c9e045094"",""78252582-f8d9-45fa-906a-614e217121c7"",""889c4c89-58b7-4b5b-98e1-ebaf42a98167""]",858472,complete,tokens,"[""605b98a2-d621-439e-b674-e1637baae88d"",""2b69b171-2466-48d3-8288-cf4a6a3ee311"",""74bd09c4-e132-4b17-830b-2c5d0cc17198"",""7774d958-ad7a-4ab1-8ce3-2e0c9e045094"",""78252582-f8d9-45fa-906a-614e217121c7"",""889c4c89-58b7-4b5b-98e1-ebaf42a98167""]",858472,,fbf09b68-5279-4968-a9b4-d1c671c268a5,observed,s,438.365149327,decimal,6,8b261693-0c10-46f4-a243-27fd45b5f4e8,a3013e67-2966-48f7-8d52-ea4e8ff1a616,2026-10-07T19:46:37.192035Z,complete,terminal,,F derived from result binding 0406de00944d2a4d31b0425aca5be9ad7c4a2903a26ca6b1b0a247719e8fc6b4,observed,F,1,text,sealed,finished,M7 exact derivation,observed,diagnoses,0,M7 exact derivation,observed,lines,49,1,0,M7 exact derivation,observed,diagnoses_per_100_lines,0,True,mixed: explicit per observation
M7-analysis-v5,184b05d2-2f8e-5d0c-89a1-eddf992ccdf9,4,e9c20ce72fe0849f7459bebf76f7d1d014a5da86287e828a2d5d8f5ace310e1a,C-UP-0,c9b1cb0ac1f796fd7d6ed58a0ff22c16832977bd6a97c5a7afbce6e1adc06824,bc62af86-8509-48fe-a3bb-42e1d77fa60f,dbb63e68d4ed9e904fa985aa5b88d674205b6caab086a8d981ac8918a9c68fb5,"[""4afc763c-033e-501c-9c9c-453207d31e62"",""1fed9611-d0cc-51e5-86e7-4ba237c836a2"",""0e4d4039-5409-5be7-a300-ded85e9c22d7"",""1c4afc6f-6679-57b7-ab6b-cec3053e85a1"",""76216ff6-0dab-5f43-913f-741c2deb7596"",""fe7c5fea-171a-5d3e-b93c-b9d53dca7c67"",""784c942d-b222-5013-a2e4-de4aa477a143"",""2f2d84f4-6f41-5df7-a828-cc0a3d9cdddf"",""c68f6332-f200-5595-940d-e5bcad78f1fe"",""54c3aba8-cb42-5023-9591-5cdd68bdd7c5"",""b9ac296e-4c6c-5cdc-9e03-14868c124af2"",""022ddff9-4332-5ba5-b884-42537f220a0c"",""0d262496-18e1-5973-84a6-84fbda64d0ff"",""447860c8-1d56-518b-88ad-7e103990b756"",""616ecfda-7163-5a8d-ba60-01f623d8b124"",""656bacfc-b102-5379-8db2-2f9f127621e0"",""88f2e658-6155-5924-bc85-63fe2aabb08a"",""9f032fb3-90ca-5749-aff5-1065077ac10e"",""4d2e4005-a84b-525b-a492-d367c5e405d0"",""12b20e20-e117-5c00-83bc-e589b92b730e"",""e97a5398-37b9-5e89-91a9-9b3ae48d9534"",""7a8f92c5-5f85-593a-bf90-08e13c60a2e6"",""aa66f5e3-ac0e-57d6-9b69-aa54ea7c4fb9"",""d07b7490-853e-562b-b662-305e89e7718d"",""596c0800-372d-5056-8a35-9f8661656bf4"",""d08816e6-d4d6-5f35-9de3-d86528fa7a96"",""2e126757-f17e-5ee2-93db-94d31ed944b2"",""5e1af4e2-330f-563f-b639-2d3cd8d276c8"",""49cd1889-2a56-5913-8723-929335f68874"",""82b898ba-3b6d-567f-8996-4f259b74547e"",""d38eb7d2-e78b-5c2f-93e4-2e34846e80e6"",""33effc64-dcfe-5ced-badf-c4df49f68dc1"",""a3a03b99-34c0-504b-b529-32b798db318a"",""8b3ec7b0-123f-5597-95f7-1fafc5810d01"",""035c5442-19b8-5a84-8a59-b352a9660279"",""d6d45010-72fa-5741-b733-88958a8795d2"",""ab8215e5-b753-5a6a-a4e7-ad9caf42eeac"",""1b20061c-b208-551a-b06c-81ffeff623fc"",""9b6d0913-2ae6-5dab-ab36-d05e1c51b208"",""a27c1fb2-edc1-57e6-9d74-adb5a13fed3b"",""4696448b-8c21-591b-80cc-7344ea0b95ec"",""c1d75a33-928c-5636-b99c-def1fb29e0f5"",""61eebfb6-2555-5bce-ba71-7a750427392a"",""aba074a1-d451-595d-bc12-e257adbe7383"",""1ca34094-ee4d-5962-a78a-174d361a9cd3"",""7edb0577-da07-5c6f-8391-bb90e9822165"",""d7c5d484-54dc-5d1e-a3ac-65d60267a12c"",""f416cc8b-3bc2-5c4c-a91c-c56faf748684""]",3,1,M7 exact derivation,observed,ratio,1/3,M7 exact derivation,observed,binary,1,M7 exact derivation,observed,binary,0,M7 exact derivation,observed,binary,0,M7 exact derivation,observed,binary,1,M7 exact derivation,observed,binary,0,M7 exact derivation,observed,binary,0,M7 exact derivation,observed,binary,1,,M6-evaluator-v1,observed,binary,1,decimal,,Menschliche lokale Selbstauskunft,observed,binary,1,decimal,,Menschliche lokale Selbstauskunft,observed,binary,1,decimal,,Menschliche lokale Selbstauskunft,observed,binary,1,decimal,,M6-evaluator-v1,observed,binary,1,decimal,M7 exact derivation,observed,binary,0,a27c1fb2-edc1-57e6-9d74-adb5a13fed3b,False,,40,Not collected,not_collected,s,,6,Not collected,not_collected,s,,0.116756300,USD,0.116756300,known,Not collected,not_collected,s,,Not collected,not_collected,s,,Not collected,not_collected,s,,Not collected,not_collected,s,,,ce41eaeb-b09c-4cd3-a227-2f982aae86ed,observed,s,0,decimal,,ce41eaeb-b09c-4cd3-a227-2f982aae86ed,observed,s,0,decimal,,ce41eaeb-b09c-4cd3-a227-2f982aae86ed,observed,s,501.290828979,decimal,1,Not collected,not_collected,s,,Not collected,not_collected,s,,"[""ff72b1a0-16b9-4618-8916-4a0760c7068c"",""6ad22d31-20a4-4009-b9e7-8727f054c437"",""e72f1a8c-9b67-4eb6-aa0d-5f7f12fcdc16"",""99c6cb23-4ba2-470e-ba48-a2ad66462a38"",""2393516e-5fc3-4a45-8108-e5aff5742391"",""1b77c531-c449-4a13-bad0-5b9025e84eba""]",0,complete,tokens,"[""ff72b1a0-16b9-4618-8916-4a0760c7068c"",""6ad22d31-20a4-4009-b9e7-8727f054c437"",""e72f1a8c-9b67-4eb6-aa0d-5f7f12fcdc16"",""99c6cb23-4ba2-470e-ba48-a2ad66462a38"",""2393516e-5fc3-4a45-8108-e5aff5742391"",""1b77c531-c449-4a13-bad0-5b9025e84eba""]",0,"[""ff72b1a0-16b9-4618-8916-4a0760c7068c"",""6ad22d31-20a4-4009-b9e7-8727f054c437"",""e72f1a8c-9b67-4eb6-aa0d-5f7f12fcdc16"",""99c6cb23-4ba2-470e-ba48-a2ad66462a38"",""2393516e-5fc3-4a45-8108-e5aff5742391"",""1b77c531-c449-4a13-bad0-5b9025e84eba""]",846288,complete,tokens,"[""ff72b1a0-16b9-4618-8916-4a0760c7068c"",""6ad22d31-20a4-4009-b9e7-8727f054c437"",""e72f1a8c-9b67-4eb6-aa0d-5f7f12fcdc16"",""99c6cb23-4ba2-470e-ba48-a2ad66462a38"",""2393516e-5fc3-4a45-8108-e5aff5742391"",""1b77c531-c449-4a13-bad0-5b9025e84eba""]",846288,"[""ff72b1a0-16b9-4618-8916-4a0760c7068c"",""6ad22d31-20a4-4009-b9e7-8727f054c437"",""e72f1a8c-9b67-4eb6-aa0d-5f7f12fcdc16"",""99c6cb23-4ba2-470e-ba48-a2ad66462a38"",""2393516e-5fc3-4a45-8108-e5aff5742391"",""1b77c531-c449-4a13-bad0-5b9025e84eba""]",846306,complete,tokens,"[""ff72b1a0-16b9-4618-8916-4a0760c7068c"",""6ad22d31-20a4-4009-b9e7-8727f054c437"",""e72f1a8c-9b67-4eb6-aa0d-5f7f12fcdc16"",""99c6cb23-4ba2-470e-ba48-a2ad66462a38"",""2393516e-5fc3-4a45-8108-e5aff5742391"",""1b77c531-c449-4a13-bad0-5b9025e84eba""]",846306,"[""ff72b1a0-16b9-4618-8916-4a0760c7068c"",""6ad22d31-20a4-4009-b9e7-8727f054c437"",""e72f1a8c-9b67-4eb6-aa0d-5f7f12fcdc16"",""99c6cb23-4ba2-470e-ba48-a2ad66462a38"",""2393516e-5fc3-4a45-8108-e5aff5742391"",""1b77c531-c449-4a13-bad0-5b9025e84eba""]",,missing,tokens,[],,"[""ff72b1a0-16b9-4618-8916-4a0760c7068c"",""6ad22d31-20a4-4009-b9e7-8727f054c437"",""e72f1a8c-9b67-4eb6-aa0d-5f7f12fcdc16"",""99c6cb23-4ba2-470e-ba48-a2ad66462a38"",""2393516e-5fc3-4a45-8108-e5aff5742391"",""1b77c531-c449-4a13-bad0-5b9025e84eba""]",21937,complete,tokens,"[""ff72b1a0-16b9-4618-8916-4a0760c7068c"",""6ad22d31-20a4-4009-b9e7-8727f054c437"",""e72f1a8c-9b67-4eb6-aa0d-5f7f12fcdc16"",""99c6cb23-4ba2-470e-ba48-a2ad66462a38"",""2393516e-5fc3-4a45-8108-e5aff5742391"",""1b77c531-c449-4a13-bad0-5b9025e84eba""]",21937,"[""ff72b1a0-16b9-4618-8916-4a0760c7068c"",""6ad22d31-20a4-4009-b9e7-8727f054c437"",""e72f1a8c-9b67-4eb6-aa0d-5f7f12fcdc16"",""99c6cb23-4ba2-470e-ba48-a2ad66462a38"",""2393516e-5fc3-4a45-8108-e5aff5742391"",""1b77c531-c449-4a13-bad0-5b9025e84eba""]",12242,complete,tokens,"[""ff72b1a0-16b9-4618-8916-4a0760c7068c"",""6ad22d31-20a4-4009-b9e7-8727f054c437"",""e72f1a8c-9b67-4eb6-aa0d-5f7f12fcdc16"",""99c6cb23-4ba2-470e-ba48-a2ad66462a38"",""2393516e-5fc3-4a45-8108-e5aff5742391"",""1b77c531-c449-4a13-bad0-5b9025e84eba""]",12242,"[""ff72b1a0-16b9-4618-8916-4a0760c7068c"",""6ad22d31-20a4-4009-b9e7-8727f054c437"",""e72f1a8c-9b67-4eb6-aa0d-5f7f12fcdc16"",""99c6cb23-4ba2-470e-ba48-a2ad66462a38"",""2393516e-5fc3-4a45-8108-e5aff5742391"",""1b77c531-c449-4a13-bad0-5b9025e84eba""]",868243,complete,tokens,"[""ff72b1a0-16b9-4618-8916-4a0760c7068c"",""6ad22d31-20a4-4009-b9e7-8727f054c437"",""e72f1a8c-9b67-4eb6-aa0d-5f7f12fcdc16"",""99c6cb23-4ba2-470e-ba48-a2ad66462a38"",""2393516e-5fc3-4a45-8108-e5aff5742391"",""1b77c531-c449-4a13-bad0-5b9025e84eba""]",868243,,ce41eaeb-b09c-4cd3-a227-2f982aae86ed,observed,s,501.290828979,decimal,6,f421808e-bd73-46b2-9444-d7c6ebe0f163,b31c205a-7eb3-4212-a9ac-b345615464f7,2026-10-07T20:07:25.282248Z,complete,terminal,,F derived from result binding 560e67dab01bd5440afb437cd55e152b02e4d26cd63212e95932d5cebe93eaef,observed,F,1/3,text,sealed,finished,M7 exact derivation,observed,diagnoses,2,M7 exact derivation,observed,lines,123,123,200,M7 exact derivation,observed,diagnoses_per_100_lines,200/123,True,mixed: explicit per observation
M7-analysis-v5,184b05d2-2f8e-5d0c-89a1-eddf992ccdf9,4,c370c0a9ade6f3957aacd26a4ebc6af15cf43f82e4504b883b5bc1c985794671,C-UP-1,697a8773c39d3aeb811def2802fdfd50db20dd75d55c50f4e8cf44982a79f651,8e15ece0-8ea4-4d53-b1a9-80d5a0796af7,dbb63e68d4ed9e904fa985aa5b88d674205b6caab086a8d981ac8918a9c68fb5,"[""4afc763c-033e-501c-9c9c-453207d31e62"",""1fed9611-d0cc-51e5-86e7-4ba237c836a2"",""0e4d4039-5409-5be7-a300-ded85e9c22d7"",""1c4afc6f-6679-57b7-ab6b-cec3053e85a1"",""76216ff6-0dab-5f43-913f-741c2deb7596"",""fe7c5fea-171a-5d3e-b93c-b9d53dca7c67"",""784c942d-b222-5013-a2e4-de4aa477a143"",""2f2d84f4-6f41-5df7-a828-cc0a3d9cdddf"",""c68f6332-f200-5595-940d-e5bcad78f1fe"",""54c3aba8-cb42-5023-9591-5cdd68bdd7c5"",""b9ac296e-4c6c-5cdc-9e03-14868c124af2"",""022ddff9-4332-5ba5-b884-42537f220a0c"",""0d262496-18e1-5973-84a6-84fbda64d0ff"",""447860c8-1d56-518b-88ad-7e103990b756"",""616ecfda-7163-5a8d-ba60-01f623d8b124"",""656bacfc-b102-5379-8db2-2f9f127621e0"",""88f2e658-6155-5924-bc85-63fe2aabb08a"",""9f032fb3-90ca-5749-aff5-1065077ac10e"",""4d2e4005-a84b-525b-a492-d367c5e405d0"",""12b20e20-e117-5c00-83bc-e589b92b730e"",""e97a5398-37b9-5e89-91a9-9b3ae48d9534"",""7a8f92c5-5f85-593a-bf90-08e13c60a2e6"",""aa66f5e3-ac0e-57d6-9b69-aa54ea7c4fb9"",""d07b7490-853e-562b-b662-305e89e7718d"",""596c0800-372d-5056-8a35-9f8661656bf4"",""d08816e6-d4d6-5f35-9de3-d86528fa7a96"",""2e126757-f17e-5ee2-93db-94d31ed944b2"",""5e1af4e2-330f-563f-b639-2d3cd8d276c8"",""49cd1889-2a56-5913-8723-929335f68874"",""82b898ba-3b6d-567f-8996-4f259b74547e"",""d38eb7d2-e78b-5c2f-93e4-2e34846e80e6"",""33effc64-dcfe-5ced-badf-c4df49f68dc1"",""a3a03b99-34c0-504b-b529-32b798db318a"",""8b3ec7b0-123f-5597-95f7-1fafc5810d01"",""035c5442-19b8-5a84-8a59-b352a9660279"",""d6d45010-72fa-5741-b733-88958a8795d2"",""ab8215e5-b753-5a6a-a4e7-ad9caf42eeac"",""1b20061c-b208-551a-b06c-81ffeff623fc"",""9b6d0913-2ae6-5dab-ab36-d05e1c51b208"",""a27c1fb2-edc1-57e6-9d74-adb5a13fed3b"",""4696448b-8c21-591b-80cc-7344ea0b95ec"",""c1d75a33-928c-5636-b99c-def1fb29e0f5"",""61eebfb6-2555-5bce-ba71-7a750427392a"",""aba074a1-d451-595d-bc12-e257adbe7383"",""1ca34094-ee4d-5962-a78a-174d361a9cd3"",""7edb0577-da07-5c6f-8391-bb90e9822165"",""d7c5d484-54dc-5d1e-a3ac-65d60267a12c"",""f416cc8b-3bc2-5c4c-a91c-c56faf748684""]",2,1,M7 exact derivation,observed,ratio,1/2,M7 exact derivation,observed,binary,1,M7 exact derivation,observed,binary,0,M7 exact derivation,observed,binary,1,M7 exact derivation,observed,binary,1,M7 exact derivation,observed,binary,0,M7 exact derivation,observed,binary,0,M7 exact derivation,observed,binary,1,,M6-evaluator-v1,observed,binary,1,decimal,,Menschliche lokale Selbstauskunft,observed,binary,1,decimal,,Menschliche lokale Selbstauskunft,observed,binary,1,decimal,,Menschliche lokale Selbstauskunft,observed,binary,1,decimal,,M6-evaluator-v1,observed,binary,1,decimal,M7 exact derivation,observed,binary,0,4696448b-8c21-591b-80cc-7344ea0b95ec,False,,41,Not collected,not_collected,s,,6,Not collected,not_collected,s,,0.117774675,USD,0.117774675,known,Not collected,not_collected,s,,Not collected,not_collected,s,,Not collected,not_collected,s,,Not collected,not_collected,s,,,dbca6e1e-9a1b-49cd-b9b9-5bb3357f3bf3,observed,s,0,decimal,,dbca6e1e-9a1b-49cd-b9b9-5bb3357f3bf3,observed,s,0,decimal,,dbca6e1e-9a1b-49cd-b9b9-5bb3357f3bf3,observed,s,522.648102907,decimal,1,Not collected,not_collected,s,,Not collected,not_collected,s,,"[""4e135806-9a2c-46bc-bd43-490aca748277"",""f5c80466-e533-4ee3-9fd0-05c9e7c02f4d"",""44fec266-0261-407a-a505-f531c9adb311"",""eb93356c-42d3-49bd-811e-8f89f1be4ce6"",""981eb776-4a40-452b-be88-5acd7f46c371"",""ff53877c-b4fc-4120-ab47-a6b19888c5ee""]",0,complete,tokens,"[""4e135806-9a2c-46bc-bd43-490aca748277"",""f5c80466-e533-4ee3-9fd0-05c9e7c02f4d"",""44fec266-0261-407a-a505-f531c9adb311"",""eb93356c-42d3-49bd-811e-8f89f1be4ce6"",""981eb776-4a40-452b-be88-5acd7f46c371"",""ff53877c-b4fc-4120-ab47-a6b19888c5ee""]",0,"[""4e135806-9a2c-46bc-bd43-490aca748277"",""f5c80466-e533-4ee3-9fd0-05c9e7c02f4d"",""44fec266-0261-407a-a505-f531c9adb311"",""eb93356c-42d3-49bd-811e-8f89f1be4ce6"",""981eb776-4a40-452b-be88-5acd7f46c371"",""ff53877c-b4fc-4120-ab47-a6b19888c5ee""]",861543,complete,tokens,"[""4e135806-9a2c-46bc-bd43-490aca748277"",""f5c80466-e533-4ee3-9fd0-05c9e7c02f4d"",""44fec266-0261-407a-a505-f531c9adb311"",""eb93356c-42d3-49bd-811e-8f89f1be4ce6"",""981eb776-4a40-452b-be88-5acd7f46c371"",""ff53877c-b4fc-4120-ab47-a6b19888c5ee""]",861543,"[""4e135806-9a2c-46bc-bd43-490aca748277"",""f5c80466-e533-4ee3-9fd0-05c9e7c02f4d"",""44fec266-0261-407a-a505-f531c9adb311"",""eb93356c-42d3-49bd-811e-8f89f1be4ce6"",""981eb776-4a40-452b-be88-5acd7f46c371"",""ff53877c-b4fc-4120-ab47-a6b19888c5ee""]",861561,complete,tokens,"[""4e135806-9a2c-46bc-bd43-490aca748277"",""f5c80466-e533-4ee3-9fd0-05c9e7c02f4d"",""44fec266-0261-407a-a505-f531c9adb311"",""eb93356c-42d3-49bd-811e-8f89f1be4ce6"",""981eb776-4a40-452b-be88-5acd7f46c371"",""ff53877c-b4fc-4120-ab47-a6b19888c5ee""]",861561,"[""4e135806-9a2c-46bc-bd43-490aca748277"",""f5c80466-e533-4ee3-9fd0-05c9e7c02f4d"",""44fec266-0261-407a-a505-f531c9adb311"",""eb93356c-42d3-49bd-811e-8f89f1be4ce6"",""981eb776-4a40-452b-be88-5acd7f46c371"",""ff53877c-b4fc-4120-ab47-a6b19888c5ee""]",,missing,tokens,[],,"[""4e135806-9a2c-46bc-bd43-490aca748277"",""f5c80466-e533-4ee3-9fd0-05c9e7c02f4d"",""44fec266-0261-407a-a505-f531c9adb311"",""eb93356c-42d3-49bd-811e-8f89f1be4ce6"",""981eb776-4a40-452b-be88-5acd7f46c371"",""ff53877c-b4fc-4120-ab47-a6b19888c5ee""]",20160,complete,tokens,"[""4e135806-9a2c-46bc-bd43-490aca748277"",""f5c80466-e533-4ee3-9fd0-05c9e7c02f4d"",""44fec266-0261-407a-a505-f531c9adb311"",""eb93356c-42d3-49bd-811e-8f89f1be4ce6"",""981eb776-4a40-452b-be88-5acd7f46c371"",""ff53877c-b4fc-4120-ab47-a6b19888c5ee""]",20160,"[""4e135806-9a2c-46bc-bd43-490aca748277"",""f5c80466-e533-4ee3-9fd0-05c9e7c02f4d"",""44fec266-0261-407a-a505-f531c9adb311"",""eb93356c-42d3-49bd-811e-8f89f1be4ce6"",""981eb776-4a40-452b-be88-5acd7f46c371"",""ff53877c-b4fc-4120-ab47-a6b19888c5ee""]",9778,complete,tokens,"[""4e135806-9a2c-46bc-bd43-490aca748277"",""f5c80466-e533-4ee3-9fd0-05c9e7c02f4d"",""44fec266-0261-407a-a505-f531c9adb311"",""eb93356c-42d3-49bd-811e-8f89f1be4ce6"",""981eb776-4a40-452b-be88-5acd7f46c371"",""ff53877c-b4fc-4120-ab47-a6b19888c5ee""]",9778,"[""4e135806-9a2c-46bc-bd43-490aca748277"",""f5c80466-e533-4ee3-9fd0-05c9e7c02f4d"",""44fec266-0261-407a-a505-f531c9adb311"",""eb93356c-42d3-49bd-811e-8f89f1be4ce6"",""981eb776-4a40-452b-be88-5acd7f46c371"",""ff53877c-b4fc-4120-ab47-a6b19888c5ee""]",881721,complete,tokens,"[""4e135806-9a2c-46bc-bd43-490aca748277"",""f5c80466-e533-4ee3-9fd0-05c9e7c02f4d"",""44fec266-0261-407a-a505-f531c9adb311"",""eb93356c-42d3-49bd-811e-8f89f1be4ce6"",""981eb776-4a40-452b-be88-5acd7f46c371"",""ff53877c-b4fc-4120-ab47-a6b19888c5ee""]",881721,,dbca6e1e-9a1b-49cd-b9b9-5bb3357f3bf3,observed,s,522.648102907,decimal,6,2bb545ed-5357-4270-9f47-acdedbeafbb5,e27524cb-a149-4868-a6f5-202a0141943c,2026-10-07T20:33:47.473245Z,complete,terminal,,F derived from result binding f9719fc77283654b85beca0d84d325946207086d551ad889a9a3651886f1d424,observed,F,1/2,text,sealed,content_failure,M7 exact derivation,observed,diagnoses,3,M7 exact derivation,observed,lines,131,131,300,M7 exact derivation,observed,diagnoses_per_100_lines,300/131,True,mixed: explicit per observation
M7-analysis-v5,184b05d2-2f8e-5d0c-89a1-eddf992ccdf9,4,e8255303f1e0cde7479952f03f3b344272c0261c44dbb56c3ba846d5849ccda2,C-SQL-1,27b8151da86242809dca0369f6ae8205b3d9e19866f42442c95f91863350f15a,6f7f3a3c-8647-488b-b587-d1d430125ce9,dbb63e68d4ed9e904fa985aa5b88d674205b6caab086a8d981ac8918a9c68fb5,"[""4afc763c-033e-501c-9c9c-453207d31e62"",""1fed9611-d0cc-51e5-86e7-4ba237c836a2"",""0e4d4039-5409-5be7-a300-ded85e9c22d7"",""1c4afc6f-6679-57b7-ab6b-cec3053e85a1"",""76216ff6-0dab-5f43-913f-741c2deb7596"",""fe7c5fea-171a-5d3e-b93c-b9d53dca7c67"",""784c942d-b222-5013-a2e4-de4aa477a143"",""2f2d84f4-6f41-5df7-a828-cc0a3d9cdddf"",""c68f6332-f200-5595-940d-e5bcad78f1fe"",""54c3aba8-cb42-5023-9591-5cdd68bdd7c5"",""b9ac296e-4c6c-5cdc-9e03-14868c124af2"",""022ddff9-4332-5ba5-b884-42537f220a0c"",""0d262496-18e1-5973-84a6-84fbda64d0ff"",""447860c8-1d56-518b-88ad-7e103990b756"",""616ecfda-7163-5a8d-ba60-01f623d8b124"",""656bacfc-b102-5379-8db2-2f9f127621e0"",""88f2e658-6155-5924-bc85-63fe2aabb08a"",""9f032fb3-90ca-5749-aff5-1065077ac10e"",""4d2e4005-a84b-525b-a492-d367c5e405d0"",""12b20e20-e117-5c00-83bc-e589b92b730e"",""e97a5398-37b9-5e89-91a9-9b3ae48d9534"",""7a8f92c5-5f85-593a-bf90-08e13c60a2e6"",""aa66f5e3-ac0e-57d6-9b69-aa54ea7c4fb9"",""d07b7490-853e-562b-b662-305e89e7718d"",""596c0800-372d-5056-8a35-9f8661656bf4"",""d08816e6-d4d6-5f35-9de3-d86528fa7a96"",""2e126757-f17e-5ee2-93db-94d31ed944b2"",""5e1af4e2-330f-563f-b639-2d3cd8d276c8"",""49cd1889-2a56-5913-8723-929335f68874"",""82b898ba-3b6d-567f-8996-4f259b74547e"",""d38eb7d2-e78b-5c2f-93e4-2e34846e80e6"",""33effc64-dcfe-5ced-badf-c4df49f68dc1"",""a3a03b99-34c0-504b-b529-32b798db318a"",""8b3ec7b0-123f-5597-95f7-1fafc5810d01"",""035c5442-19b8-5a84-8a59-b352a9660279"",""d6d45010-72fa-5741-b733-88958a8795d2"",""ab8215e5-b753-5a6a-a4e7-ad9caf42eeac"",""1b20061c-b208-551a-b06c-81ffeff623fc"",""9b6d0913-2ae6-5dab-ab36-d05e1c51b208"",""a27c1fb2-edc1-57e6-9d74-adb5a13fed3b"",""4696448b-8c21-591b-80cc-7344ea0b95ec"",""c1d75a33-928c-5636-b99c-def1fb29e0f5"",""61eebfb6-2555-5bce-ba71-7a750427392a"",""aba074a1-d451-595d-bc12-e257adbe7383"",""1ca34094-ee4d-5962-a78a-174d361a9cd3"",""7edb0577-da07-5c6f-8391-bb90e9822165"",""d7c5d484-54dc-5d1e-a3ac-65d60267a12c"",""f416cc8b-3bc2-5c4c-a91c-c56faf748684""]",1,0,M7 exact derivation,observed,ratio,0,M7 exact derivation,observed,binary,0,M7 exact derivation,observed,binary,0,M7 exact derivation,observed,binary,0,M7 exact derivation,observed,binary,0,M7 exact derivation,observed,binary,0,M7 exact derivation,observed,binary,0,M7 exact derivation,observed,binary,0,,M6-evaluator-v1,observed,binary,1,decimal,,Menschliche lokale Selbstauskunft,observed,binary,1,decimal,,Menschliche lokale Selbstauskunft,observed,binary,0,decimal,,Menschliche lokale Selbstauskunft,observed,binary,1,decimal,,M6-evaluator-v1,observed,binary,1,decimal,M7 exact derivation,observed,binary,0,c1d75a33-928c-5636-b99c-def1fb29e0f5,False,,42,Not collected,not_collected,s,,6,Not collected,not_collected,s,,0.114335675,USD,0.114335675,known,Not collected,not_collected,s,,Not collected,not_collected,s,,Not collected,not_collected,s,,Not collected,not_collected,s,,,97ed75f4-ebc8-4ce7-be76-8ccdc797370e,observed,s,0,decimal,,97ed75f4-ebc8-4ce7-be76-8ccdc797370e,observed,s,0,decimal,,97ed75f4-ebc8-4ce7-be76-8ccdc797370e,observed,s,445.656197286,decimal,1,Not collected,not_collected,s,,Not collected,not_collected,s,,"[""fb3a2b8c-c916-42f2-9927-404dbe57b545"",""da428b9c-0cdd-49c5-b638-cb94460644ea"",""cbdea0d1-413c-4343-99f1-0a9a4f7620d4"",""cce97f3b-43ba-4401-8ef3-3cdef5ef5b7f"",""af3afb75-0522-4f0e-989f-0804dd5123f9"",""1a8b3299-6dc3-406a-8d85-b4f87dab390c""]",0,complete,tokens,"[""fb3a2b8c-c916-42f2-9927-404dbe57b545"",""da428b9c-0cdd-49c5-b638-cb94460644ea"",""cbdea0d1-413c-4343-99f1-0a9a4f7620d4"",""cce97f3b-43ba-4401-8ef3-3cdef5ef5b7f"",""af3afb75-0522-4f0e-989f-0804dd5123f9"",""1a8b3299-6dc3-406a-8d85-b4f87dab390c""]",0,"[""fb3a2b8c-c916-42f2-9927-404dbe57b545"",""da428b9c-0cdd-49c5-b638-cb94460644ea"",""cbdea0d1-413c-4343-99f1-0a9a4f7620d4"",""cce97f3b-43ba-4401-8ef3-3cdef5ef5b7f"",""af3afb75-0522-4f0e-989f-0804dd5123f9"",""1a8b3299-6dc3-406a-8d85-b4f87dab390c""]",858815,complete,tokens,"[""fb3a2b8c-c916-42f2-9927-404dbe57b545"",""da428b9c-0cdd-49c5-b638-cb94460644ea"",""cbdea0d1-413c-4343-99f1-0a9a4f7620d4"",""cce97f3b-43ba-4401-8ef3-3cdef5ef5b7f"",""af3afb75-0522-4f0e-989f-0804dd5123f9"",""1a8b3299-6dc3-406a-8d85-b4f87dab390c""]",858815,"[""fb3a2b8c-c916-42f2-9927-404dbe57b545"",""da428b9c-0cdd-49c5-b638-cb94460644ea"",""cbdea0d1-413c-4343-99f1-0a9a4f7620d4"",""cce97f3b-43ba-4401-8ef3-3cdef5ef5b7f"",""af3afb75-0522-4f0e-989f-0804dd5123f9"",""1a8b3299-6dc3-406a-8d85-b4f87dab390c""]",858833,complete,tokens,"[""fb3a2b8c-c916-42f2-9927-404dbe57b545"",""da428b9c-0cdd-49c5-b638-cb94460644ea"",""cbdea0d1-413c-4343-99f1-0a9a4f7620d4"",""cce97f3b-43ba-4401-8ef3-3cdef5ef5b7f"",""af3afb75-0522-4f0e-989f-0804dd5123f9"",""1a8b3299-6dc3-406a-8d85-b4f87dab390c""]",858833,"[""fb3a2b8c-c916-42f2-9927-404dbe57b545"",""da428b9c-0cdd-49c5-b638-cb94460644ea"",""cbdea0d1-413c-4343-99f1-0a9a4f7620d4"",""cce97f3b-43ba-4401-8ef3-3cdef5ef5b7f"",""af3afb75-0522-4f0e-989f-0804dd5123f9"",""1a8b3299-6dc3-406a-8d85-b4f87dab390c""]",,missing,tokens,[],,"[""fb3a2b8c-c916-42f2-9927-404dbe57b545"",""da428b9c-0cdd-49c5-b638-cb94460644ea"",""cbdea0d1-413c-4343-99f1-0a9a4f7620d4"",""cce97f3b-43ba-4401-8ef3-3cdef5ef5b7f"",""af3afb75-0522-4f0e-989f-0804dd5123f9"",""1a8b3299-6dc3-406a-8d85-b4f87dab390c""]",13964,complete,tokens,"[""fb3a2b8c-c916-42f2-9927-404dbe57b545"",""da428b9c-0cdd-49c5-b638-cb94460644ea"",""cbdea0d1-413c-4343-99f1-0a9a4f7620d4"",""cce97f3b-43ba-4401-8ef3-3cdef5ef5b7f"",""af3afb75-0522-4f0e-989f-0804dd5123f9"",""1a8b3299-6dc3-406a-8d85-b4f87dab390c""]",13964,"[""fb3a2b8c-c916-42f2-9927-404dbe57b545"",""da428b9c-0cdd-49c5-b638-cb94460644ea"",""cbdea0d1-413c-4343-99f1-0a9a4f7620d4"",""cce97f3b-43ba-4401-8ef3-3cdef5ef5b7f"",""af3afb75-0522-4f0e-989f-0804dd5123f9"",""1a8b3299-6dc3-406a-8d85-b4f87dab390c""]",6379,complete,tokens,"[""fb3a2b8c-c916-42f2-9927-404dbe57b545"",""da428b9c-0cdd-49c5-b638-cb94460644ea"",""cbdea0d1-413c-4343-99f1-0a9a4f7620d4"",""cce97f3b-43ba-4401-8ef3-3cdef5ef5b7f"",""af3afb75-0522-4f0e-989f-0804dd5123f9"",""1a8b3299-6dc3-406a-8d85-b4f87dab390c""]",6379,"[""fb3a2b8c-c916-42f2-9927-404dbe57b545"",""da428b9c-0cdd-49c5-b638-cb94460644ea"",""cbdea0d1-413c-4343-99f1-0a9a4f7620d4"",""cce97f3b-43ba-4401-8ef3-3cdef5ef5b7f"",""af3afb75-0522-4f0e-989f-0804dd5123f9"",""1a8b3299-6dc3-406a-8d85-b4f87dab390c""]",872797,complete,tokens,"[""fb3a2b8c-c916-42f2-9927-404dbe57b545"",""da428b9c-0cdd-49c5-b638-cb94460644ea"",""cbdea0d1-413c-4343-99f1-0a9a4f7620d4"",""cce97f3b-43ba-4401-8ef3-3cdef5ef5b7f"",""af3afb75-0522-4f0e-989f-0804dd5123f9"",""1a8b3299-6dc3-406a-8d85-b4f87dab390c""]",872797,,97ed75f4-ebc8-4ce7-be76-8ccdc797370e,observed,s,445.656197286,decimal,6,bb5b4ed5-341c-433b-8930-be6390dd5308,3d6f2318-81d1-423d-896a-c6d002a7e1f7,2026-10-07T20:55:23.635738Z,complete,terminal,,F derived from result binding a757c2189f4db9a7968f091e4d1b69588b61a099fbeb31277f3317fdb34a6c58,observed,F,0,text,sealed,content_failure,M7 exact derivation,observed,diagnoses,1,M7 exact derivation,observed,lines,42,21,50,M7 exact derivation,observed,diagnoses_per_100_lines,50/21,True,mixed: explicit per observation
M7-analysis-v5,7753dd3d-102a-5383-af77-d7047c6a615f,5,d1c7cfe739bde7675213666c36301ae75805470a0e7f4b564d95bbc90500c1e4,C-UP-1,697a8773c39d3aeb811def2802fdfd50db20dd75d55c50f4e8cf44982a79f651,8e15ece0-8ea4-4d53-b1a9-80d5a0796af7,dbb63e68d4ed9e904fa985aa5b88d674205b6caab086a8d981ac8918a9c68fb5,"[""4afc763c-033e-501c-9c9c-453207d31e62"",""1fed9611-d0cc-51e5-86e7-4ba237c836a2"",""0e4d4039-5409-5be7-a300-ded85e9c22d7"",""1c4afc6f-6679-57b7-ab6b-cec3053e85a1"",""76216ff6-0dab-5f43-913f-741c2deb7596"",""fe7c5fea-171a-5d3e-b93c-b9d53dca7c67"",""784c942d-b222-5013-a2e4-de4aa477a143"",""2f2d84f4-6f41-5df7-a828-cc0a3d9cdddf"",""c68f6332-f200-5595-940d-e5bcad78f1fe"",""54c3aba8-cb42-5023-9591-5cdd68bdd7c5"",""b9ac296e-4c6c-5cdc-9e03-14868c124af2"",""022ddff9-4332-5ba5-b884-42537f220a0c"",""0d262496-18e1-5973-84a6-84fbda64d0ff"",""447860c8-1d56-518b-88ad-7e103990b756"",""616ecfda-7163-5a8d-ba60-01f623d8b124"",""656bacfc-b102-5379-8db2-2f9f127621e0"",""88f2e658-6155-5924-bc85-63fe2aabb08a"",""9f032fb3-90ca-5749-aff5-1065077ac10e"",""4d2e4005-a84b-525b-a492-d367c5e405d0"",""12b20e20-e117-5c00-83bc-e589b92b730e"",""e97a5398-37b9-5e89-91a9-9b3ae48d9534"",""7a8f92c5-5f85-593a-bf90-08e13c60a2e6"",""aa66f5e3-ac0e-57d6-9b69-aa54ea7c4fb9"",""d07b7490-853e-562b-b662-305e89e7718d"",""596c0800-372d-5056-8a35-9f8661656bf4"",""d08816e6-d4d6-5f35-9de3-d86528fa7a96"",""2e126757-f17e-5ee2-93db-94d31ed944b2"",""5e1af4e2-330f-563f-b639-2d3cd8d276c8"",""49cd1889-2a56-5913-8723-929335f68874"",""82b898ba-3b6d-567f-8996-4f259b74547e"",""d38eb7d2-e78b-5c2f-93e4-2e34846e80e6"",""33effc64-dcfe-5ced-badf-c4df49f68dc1"",""a3a03b99-34c0-504b-b529-32b798db318a"",""8b3ec7b0-123f-5597-95f7-1fafc5810d01"",""035c5442-19b8-5a84-8a59-b352a9660279"",""d6d45010-72fa-5741-b733-88958a8795d2"",""ab8215e5-b753-5a6a-a4e7-ad9caf42eeac"",""1b20061c-b208-551a-b06c-81ffeff623fc"",""9b6d0913-2ae6-5dab-ab36-d05e1c51b208"",""a27c1fb2-edc1-57e6-9d74-adb5a13fed3b"",""4696448b-8c21-591b-80cc-7344ea0b95ec"",""c1d75a33-928c-5636-b99c-def1fb29e0f5"",""61eebfb6-2555-5bce-ba71-7a750427392a"",""aba074a1-d451-595d-bc12-e257adbe7383"",""1ca34094-ee4d-5962-a78a-174d361a9cd3"",""7edb0577-da07-5c6f-8391-bb90e9822165"",""d7c5d484-54dc-5d1e-a3ac-65d60267a12c"",""f416cc8b-3bc2-5c4c-a91c-c56faf748684""]",3,1,M7 exact derivation,observed,ratio,1/3,M7 exact derivation,observed,binary,1,M7 exact derivation,observed,binary,0,M7 exact derivation,observed,binary,0,M7 exact derivation,observed,binary,1,M7 exact derivation,observed,binary,0,M7 exact derivation,observed,binary,0,M7 exact derivation,observed,binary,1,,M6-evaluator-v1,observed,binary,1,decimal,,Menschliche lokale Selbstauskunft,observed,binary,1,decimal,,Menschliche lokale Selbstauskunft,observed,binary,1,decimal,,Menschliche lokale Selbstauskunft,observed,binary,1,decimal,,M6-evaluator-v1,observed,binary,1,decimal,M7 exact derivation,observed,binary,0,61eebfb6-2555-5bce-ba71-7a750427392a,False,,43,Not collected,not_collected,s,,6,Not collected,not_collected,s,,0.120153050,USD,0.120153050,known,Not collected,not_collected,s,,Not collected,not_collected,s,,Not collected,not_collected,s,,Not collected,not_collected,s,,,9a8a90db-c2d2-47d6-b752-711194d06d3a,observed,s,0,decimal,,9a8a90db-c2d2-47d6-b752-711194d06d3a,observed,s,0,decimal,,9a8a90db-c2d2-47d6-b752-711194d06d3a,observed,s,519.052817279,decimal,1,Not collected,not_collected,s,,Not collected,not_collected,s,,"[""f48c3f5d-ffcc-4c6a-90ab-1e473f547fa1"",""f5b07500-ae9f-47b8-a78c-50e5fa5a27e6"",""79f57f00-41a1-4473-b84a-406d653e7c53"",""81838eee-1867-4724-80fc-326f2f70b4db"",""d8030d64-9181-42bc-a650-39dcf026e8b3"",""bff43327-f510-4982-9518-5df42450f291""]",0,complete,tokens,"[""f48c3f5d-ffcc-4c6a-90ab-1e473f547fa1"",""f5b07500-ae9f-47b8-a78c-50e5fa5a27e6"",""79f57f00-41a1-4473-b84a-406d653e7c53"",""81838eee-1867-4724-80fc-326f2f70b4db"",""d8030d64-9181-42bc-a650-39dcf026e8b3"",""bff43327-f510-4982-9518-5df42450f291""]",0,"[""f48c3f5d-ffcc-4c6a-90ab-1e473f547fa1"",""f5b07500-ae9f-47b8-a78c-50e5fa5a27e6"",""79f57f00-41a1-4473-b84a-406d653e7c53"",""81838eee-1867-4724-80fc-326f2f70b4db"",""d8030d64-9181-42bc-a650-39dcf026e8b3"",""bff43327-f510-4982-9518-5df42450f291""]",861178,complete,tokens,"[""f48c3f5d-ffcc-4c6a-90ab-1e473f547fa1"",""f5b07500-ae9f-47b8-a78c-50e5fa5a27e6"",""79f57f00-41a1-4473-b84a-406d653e7c53"",""81838eee-1867-4724-80fc-326f2f70b4db"",""d8030d64-9181-42bc-a650-39dcf026e8b3"",""bff43327-f510-4982-9518-5df42450f291""]",861178,"[""f48c3f5d-ffcc-4c6a-90ab-1e473f547fa1"",""f5b07500-ae9f-47b8-a78c-50e5fa5a27e6"",""79f57f00-41a1-4473-b84a-406d653e7c53"",""81838eee-1867-4724-80fc-326f2f70b4db"",""d8030d64-9181-42bc-a650-39dcf026e8b3"",""bff43327-f510-4982-9518-5df42450f291""]",861196,complete,tokens,"[""f48c3f5d-ffcc-4c6a-90ab-1e473f547fa1"",""f5b07500-ae9f-47b8-a78c-50e5fa5a27e6"",""79f57f00-41a1-4473-b84a-406d653e7c53"",""81838eee-1867-4724-80fc-326f2f70b4db"",""d8030d64-9181-42bc-a650-39dcf026e8b3"",""bff43327-f510-4982-9518-5df42450f291""]",861196,"[""f48c3f5d-ffcc-4c6a-90ab-1e473f547fa1"",""f5b07500-ae9f-47b8-a78c-50e5fa5a27e6"",""79f57f00-41a1-4473-b84a-406d653e7c53"",""81838eee-1867-4724-80fc-326f2f70b4db"",""d8030d64-9181-42bc-a650-39dcf026e8b3"",""bff43327-f510-4982-9518-5df42450f291""]",,missing,tokens,[],,"[""f48c3f5d-ffcc-4c6a-90ab-1e473f547fa1"",""f5b07500-ae9f-47b8-a78c-50e5fa5a27e6"",""79f57f00-41a1-4473-b84a-406d653e7c53"",""81838eee-1867-4724-80fc-326f2f70b4db"",""d8030d64-9181-42bc-a650-39dcf026e8b3"",""bff43327-f510-4982-9518-5df42450f291""]",25008,complete,tokens,"[""f48c3f5d-ffcc-4c6a-90ab-1e473f547fa1"",""f5b07500-ae9f-47b8-a78c-50e5fa5a27e6"",""79f57f00-41a1-4473-b84a-406d653e7c53"",""81838eee-1867-4724-80fc-326f2f70b4db"",""d8030d64-9181-42bc-a650-39dcf026e8b3"",""bff43327-f510-4982-9518-5df42450f291""]",25008,"[""f48c3f5d-ffcc-4c6a-90ab-1e473f547fa1"",""f5b07500-ae9f-47b8-a78c-50e5fa5a27e6"",""79f57f00-41a1-4473-b84a-406d653e7c53"",""81838eee-1867-4724-80fc-326f2f70b4db"",""d8030d64-9181-42bc-a650-39dcf026e8b3"",""bff43327-f510-4982-9518-5df42450f291""]",13864,complete,tokens,"[""f48c3f5d-ffcc-4c6a-90ab-1e473f547fa1"",""f5b07500-ae9f-47b8-a78c-50e5fa5a27e6"",""79f57f00-41a1-4473-b84a-406d653e7c53"",""81838eee-1867-4724-80fc-326f2f70b4db"",""d8030d64-9181-42bc-a650-39dcf026e8b3"",""bff43327-f510-4982-9518-5df42450f291""]",13864,"[""f48c3f5d-ffcc-4c6a-90ab-1e473f547fa1"",""f5b07500-ae9f-47b8-a78c-50e5fa5a27e6"",""79f57f00-41a1-4473-b84a-406d653e7c53"",""81838eee-1867-4724-80fc-326f2f70b4db"",""d8030d64-9181-42bc-a650-39dcf026e8b3"",""bff43327-f510-4982-9518-5df42450f291""]",886204,complete,tokens,"[""f48c3f5d-ffcc-4c6a-90ab-1e473f547fa1"",""f5b07500-ae9f-47b8-a78c-50e5fa5a27e6"",""79f57f00-41a1-4473-b84a-406d653e7c53"",""81838eee-1867-4724-80fc-326f2f70b4db"",""d8030d64-9181-42bc-a650-39dcf026e8b3"",""bff43327-f510-4982-9518-5df42450f291""]",886204,,9a8a90db-c2d2-47d6-b752-711194d06d3a,observed,s,519.052817279,decimal,6,f699e69a-7d8c-4120-aed3-1fc1c8856b68,fddf9dbd-b747-4544-b75a-9ed7b16b3557,2026-10-07T21:17:46.467536Z,complete,terminal,,F derived from result binding 4cb388de1ebe4f5b365b992c2d7307987b95f39e521798ac582acde0123fa88c,observed,F,1/3,text,sealed,content_failure,M7 exact derivation,observed,diagnoses,2,M7 exact derivation,observed,lines,128,16,25,M7 exact derivation,observed,diagnoses_per_100_lines,25/16,True,mixed: explicit per observation
M7-analysis-v5,7753dd3d-102a-5383-af77-d7047c6a615f,5,2075b7d081c7ee47cdf4c8dab1d605e31fa4eb2e37c5f948e6510da97ad5a115,C-BF-0,19fa6fbf4f554673689996213945dcaed831a9bf0fbdc6988698abb77fd647ee,90318496-3af4-49cd-a20d-b85db76e5a0a,dbb63e68d4ed9e904fa985aa5b88d674205b6caab086a8d981ac8918a9c68fb5,"[""4afc763c-033e-501c-9c9c-453207d31e62"",""1fed9611-d0cc-51e5-86e7-4ba237c836a2"",""0e4d4039-5409-5be7-a300-ded85e9c22d7"",""1c4afc6f-6679-57b7-ab6b-cec3053e85a1"",""76216ff6-0dab-5f43-913f-741c2deb7596"",""fe7c5fea-171a-5d3e-b93c-b9d53dca7c67"",""784c942d-b222-5013-a2e4-de4aa477a143"",""2f2d84f4-6f41-5df7-a828-cc0a3d9cdddf"",""c68f6332-f200-5595-940d-e5bcad78f1fe"",""54c3aba8-cb42-5023-9591-5cdd68bdd7c5"",""b9ac296e-4c6c-5cdc-9e03-14868c124af2"",""022ddff9-4332-5ba5-b884-42537f220a0c"",""0d262496-18e1-5973-84a6-84fbda64d0ff"",""447860c8-1d56-518b-88ad-7e103990b756"",""616ecfda-7163-5a8d-ba60-01f623d8b124"",""656bacfc-b102-5379-8db2-2f9f127621e0"",""88f2e658-6155-5924-bc85-63fe2aabb08a"",""9f032fb3-90ca-5749-aff5-1065077ac10e"",""4d2e4005-a84b-525b-a492-d367c5e405d0"",""12b20e20-e117-5c00-83bc-e589b92b730e"",""e97a5398-37b9-5e89-91a9-9b3ae48d9534"",""7a8f92c5-5f85-593a-bf90-08e13c60a2e6"",""aa66f5e3-ac0e-57d6-9b69-aa54ea7c4fb9"",""d07b7490-853e-562b-b662-305e89e7718d"",""596c0800-372d-5056-8a35-9f8661656bf4"",""d08816e6-d4d6-5f35-9de3-d86528fa7a96"",""2e126757-f17e-5ee2-93db-94d31ed944b2"",""5e1af4e2-330f-563f-b639-2d3cd8d276c8"",""49cd1889-2a56-5913-8723-929335f68874"",""82b898ba-3b6d-567f-8996-4f259b74547e"",""d38eb7d2-e78b-5c2f-93e4-2e34846e80e6"",""33effc64-dcfe-5ced-badf-c4df49f68dc1"",""a3a03b99-34c0-504b-b529-32b798db318a"",""8b3ec7b0-123f-5597-95f7-1fafc5810d01"",""035c5442-19b8-5a84-8a59-b352a9660279"",""d6d45010-72fa-5741-b733-88958a8795d2"",""ab8215e5-b753-5a6a-a4e7-ad9caf42eeac"",""1b20061c-b208-551a-b06c-81ffeff623fc"",""9b6d0913-2ae6-5dab-ab36-d05e1c51b208"",""a27c1fb2-edc1-57e6-9d74-adb5a13fed3b"",""4696448b-8c21-591b-80cc-7344ea0b95ec"",""c1d75a33-928c-5636-b99c-def1fb29e0f5"",""61eebfb6-2555-5bce-ba71-7a750427392a"",""aba074a1-d451-595d-bc12-e257adbe7383"",""1ca34094-ee4d-5962-a78a-174d361a9cd3"",""7edb0577-da07-5c6f-8391-bb90e9822165"",""d7c5d484-54dc-5d1e-a3ac-65d60267a12c"",""f416cc8b-3bc2-5c4c-a91c-c56faf748684""]",1,1,M7 exact derivation,observed,ratio,1,M7 exact derivation,observed,binary,1,M7 exact derivation,observed,binary,1,M7 exact derivation,observed,binary,1,M7 exact derivation,observed,binary,1,M7 exact derivation,observed,binary,1,M7 exact derivation,observed,binary,1,M7 exact derivation,observed,binary,1,,M6-evaluator-v1,observed,binary,1,decimal,,Menschliche lokale Selbstauskunft,observed,binary,1,decimal,,Menschliche lokale Selbstauskunft,observed,binary,1,decimal,,Menschliche lokale Selbstauskunft,observed,binary,1,decimal,,M6-evaluator-v1,observed,binary,1,decimal,M7 exact derivation,observed,binary,1,aba074a1-d451-595d-bc12-e257adbe7383,False,,44,Not collected,not_collected,s,,6,Not collected,not_collected,s,,0.112315425,USD,0.112315425,known,Not collected,not_collected,s,,Not collected,not_collected,s,,Not collected,not_collected,s,,Not collected,not_collected,s,,,1a2452f4-7610-4091-902e-587b5f033fd2,observed,s,0,decimal,,1a2452f4-7610-4091-902e-587b5f033fd2,observed,s,0,decimal,,1a2452f4-7610-4091-902e-587b5f033fd2,observed,s,405.309987601,decimal,1,Not collected,not_collected,s,,Not collected,not_collected,s,,"[""94497c76-b256-492c-a231-f82948743cf7"",""704e5422-fdee-42ac-a13d-23a254ce12de"",""d875c382-e777-4bab-91ac-dcef0789f0e5"",""37bc0b1c-1720-4e83-9a9b-1b0ecc0612e1"",""85dc0760-7e4c-4171-acc3-ab18018fe210"",""27d9d481-61e6-4dbb-bb2e-c93ada25ac0b""]",0,complete,tokens,"[""94497c76-b256-492c-a231-f82948743cf7"",""704e5422-fdee-42ac-a13d-23a254ce12de"",""d875c382-e777-4bab-91ac-dcef0789f0e5"",""37bc0b1c-1720-4e83-9a9b-1b0ecc0612e1"",""85dc0760-7e4c-4171-acc3-ab18018fe210"",""27d9d481-61e6-4dbb-bb2e-c93ada25ac0b""]",0,"[""94497c76-b256-492c-a231-f82948743cf7"",""704e5422-fdee-42ac-a13d-23a254ce12de"",""d875c382-e777-4bab-91ac-dcef0789f0e5"",""37bc0b1c-1720-4e83-9a9b-1b0ecc0612e1"",""85dc0760-7e4c-4171-acc3-ab18018fe210"",""27d9d481-61e6-4dbb-bb2e-c93ada25ac0b""]",844849,complete,tokens,"[""94497c76-b256-492c-a231-f82948743cf7"",""704e5422-fdee-42ac-a13d-23a254ce12de"",""d875c382-e777-4bab-91ac-dcef0789f0e5"",""37bc0b1c-1720-4e83-9a9b-1b0ecc0612e1"",""85dc0760-7e4c-4171-acc3-ab18018fe210"",""27d9d481-61e6-4dbb-bb2e-c93ada25ac0b""]",844849,"[""94497c76-b256-492c-a231-f82948743cf7"",""704e5422-fdee-42ac-a13d-23a254ce12de"",""d875c382-e777-4bab-91ac-dcef0789f0e5"",""37bc0b1c-1720-4e83-9a9b-1b0ecc0612e1"",""85dc0760-7e4c-4171-acc3-ab18018fe210"",""27d9d481-61e6-4dbb-bb2e-c93ada25ac0b""]",844867,complete,tokens,"[""94497c76-b256-492c-a231-f82948743cf7"",""704e5422-fdee-42ac-a13d-23a254ce12de"",""d875c382-e777-4bab-91ac-dcef0789f0e5"",""37bc0b1c-1720-4e83-9a9b-1b0ecc0612e1"",""85dc0760-7e4c-4171-acc3-ab18018fe210"",""27d9d481-61e6-4dbb-bb2e-c93ada25ac0b""]",844867,"[""94497c76-b256-492c-a231-f82948743cf7"",""704e5422-fdee-42ac-a13d-23a254ce12de"",""d875c382-e777-4bab-91ac-dcef0789f0e5"",""37bc0b1c-1720-4e83-9a9b-1b0ecc0612e1"",""85dc0760-7e4c-4171-acc3-ab18018fe210"",""27d9d481-61e6-4dbb-bb2e-c93ada25ac0b""]",,missing,tokens,[],,"[""94497c76-b256-492c-a231-f82948743cf7"",""704e5422-fdee-42ac-a13d-23a254ce12de"",""d875c382-e777-4bab-91ac-dcef0789f0e5"",""37bc0b1c-1720-4e83-9a9b-1b0ecc0612e1"",""85dc0760-7e4c-4171-acc3-ab18018fe210"",""27d9d481-61e6-4dbb-bb2e-c93ada25ac0b""]",13415,complete,tokens,"[""94497c76-b256-492c-a231-f82948743cf7"",""704e5422-fdee-42ac-a13d-23a254ce12de"",""d875c382-e777-4bab-91ac-dcef0789f0e5"",""37bc0b1c-1720-4e83-9a9b-1b0ecc0612e1"",""85dc0760-7e4c-4171-acc3-ab18018fe210"",""27d9d481-61e6-4dbb-bb2e-c93ada25ac0b""]",13415,"[""94497c76-b256-492c-a231-f82948743cf7"",""704e5422-fdee-42ac-a13d-23a254ce12de"",""d875c382-e777-4bab-91ac-dcef0789f0e5"",""37bc0b1c-1720-4e83-9a9b-1b0ecc0612e1"",""85dc0760-7e4c-4171-acc3-ab18018fe210"",""27d9d481-61e6-4dbb-bb2e-c93ada25ac0b""]",4766,complete,tokens,"[""94497c76-b256-492c-a231-f82948743cf7"",""704e5422-fdee-42ac-a13d-23a254ce12de"",""d875c382-e777-4bab-91ac-dcef0789f0e5"",""37bc0b1c-1720-4e83-9a9b-1b0ecc0612e1"",""85dc0760-7e4c-4171-acc3-ab18018fe210"",""27d9d481-61e6-4dbb-bb2e-c93ada25ac0b""]",4766,"[""94497c76-b256-492c-a231-f82948743cf7"",""704e5422-fdee-42ac-a13d-23a254ce12de"",""d875c382-e777-4bab-91ac-dcef0789f0e5"",""37bc0b1c-1720-4e83-9a9b-1b0ecc0612e1"",""85dc0760-7e4c-4171-acc3-ab18018fe210"",""27d9d481-61e6-4dbb-bb2e-c93ada25ac0b""]",858282,complete,tokens,"[""94497c76-b256-492c-a231-f82948743cf7"",""704e5422-fdee-42ac-a13d-23a254ce12de"",""d875c382-e777-4bab-91ac-dcef0789f0e5"",""37bc0b1c-1720-4e83-9a9b-1b0ecc0612e1"",""85dc0760-7e4c-4171-acc3-ab18018fe210"",""27d9d481-61e6-4dbb-bb2e-c93ada25ac0b""]",858282,,1a2452f4-7610-4091-902e-587b5f033fd2,observed,s,405.309987601,decimal,6,a4f1303d-2680-4974-820d-f01bb33855e2,80903e69-4fa3-41d3-a6a5-37a2ccd8a12c,2026-10-07T21:57:18.656327Z,complete,terminal,,F derived from result binding 5072e9b99ee9b32d4cc61b46ec8a197d1e772c113d3bfc04b95fcbd8bf504ef9,observed,F,1,text,sealed,content_failure,M7 exact derivation,observed,diagnoses,0,M7 exact derivation,observed,lines,45,1,0,M7 exact derivation,observed,diagnoses_per_100_lines,0,True,mixed: explicit per observation
M7-analysis-v5,7753dd3d-102a-5383-af77-d7047c6a615f,5,2d9681d9c609b4fa7b683579eeaccebb7a585916edbd34795f95dc2f16b47e4b,C-UP-0,c9b1cb0ac1f796fd7d6ed58a0ff22c16832977bd6a97c5a7afbce6e1adc06824,bc62af86-8509-48fe-a3bb-42e1d77fa60f,dbb63e68d4ed9e904fa985aa5b88d674205b6caab086a8d981ac8918a9c68fb5,"[""4afc763c-033e-501c-9c9c-453207d31e62"",""1fed9611-d0cc-51e5-86e7-4ba237c836a2"",""0e4d4039-5409-5be7-a300-ded85e9c22d7"",""1c4afc6f-6679-57b7-ab6b-cec3053e85a1"",""76216ff6-0dab-5f43-913f-741c2deb7596"",""fe7c5fea-171a-5d3e-b93c-b9d53dca7c67"",""784c942d-b222-5013-a2e4-de4aa477a143"",""2f2d84f4-6f41-5df7-a828-cc0a3d9cdddf"",""c68f6332-f200-5595-940d-e5bcad78f1fe"",""54c3aba8-cb42-5023-9591-5cdd68bdd7c5"",""b9ac296e-4c6c-5cdc-9e03-14868c124af2"",""022ddff9-4332-5ba5-b884-42537f220a0c"",""0d262496-18e1-5973-84a6-84fbda64d0ff"",""447860c8-1d56-518b-88ad-7e103990b756"",""616ecfda-7163-5a8d-ba60-01f623d8b124"",""656bacfc-b102-5379-8db2-2f9f127621e0"",""88f2e658-6155-5924-bc85-63fe2aabb08a"",""9f032fb3-90ca-5749-aff5-1065077ac10e"",""4d2e4005-a84b-525b-a492-d367c5e405d0"",""12b20e20-e117-5c00-83bc-e589b92b730e"",""e97a5398-37b9-5e89-91a9-9b3ae48d9534"",""7a8f92c5-5f85-593a-bf90-08e13c60a2e6"",""aa66f5e3-ac0e-57d6-9b69-aa54ea7c4fb9"",""d07b7490-853e-562b-b662-305e89e7718d"",""596c0800-372d-5056-8a35-9f8661656bf4"",""d08816e6-d4d6-5f35-9de3-d86528fa7a96"",""2e126757-f17e-5ee2-93db-94d31ed944b2"",""5e1af4e2-330f-563f-b639-2d3cd8d276c8"",""49cd1889-2a56-5913-8723-929335f68874"",""82b898ba-3b6d-567f-8996-4f259b74547e"",""d38eb7d2-e78b-5c2f-93e4-2e34846e80e6"",""33effc64-dcfe-5ced-badf-c4df49f68dc1"",""a3a03b99-34c0-504b-b529-32b798db318a"",""8b3ec7b0-123f-5597-95f7-1fafc5810d01"",""035c5442-19b8-5a84-8a59-b352a9660279"",""d6d45010-72fa-5741-b733-88958a8795d2"",""ab8215e5-b753-5a6a-a4e7-ad9caf42eeac"",""1b20061c-b208-551a-b06c-81ffeff623fc"",""9b6d0913-2ae6-5dab-ab36-d05e1c51b208"",""a27c1fb2-edc1-57e6-9d74-adb5a13fed3b"",""4696448b-8c21-591b-80cc-7344ea0b95ec"",""c1d75a33-928c-5636-b99c-def1fb29e0f5"",""61eebfb6-2555-5bce-ba71-7a750427392a"",""aba074a1-d451-595d-bc12-e257adbe7383"",""1ca34094-ee4d-5962-a78a-174d361a9cd3"",""7edb0577-da07-5c6f-8391-bb90e9822165"",""d7c5d484-54dc-5d1e-a3ac-65d60267a12c"",""f416cc8b-3bc2-5c4c-a91c-c56faf748684""]",3,1,M7 exact derivation,observed,ratio,1/3,M7 exact derivation,observed,binary,1,M7 exact derivation,observed,binary,0,M7 exact derivation,observed,binary,0,M7 exact derivation,observed,binary,1,M7 exact derivation,observed,binary,0,M7 exact derivation,observed,binary,0,M7 exact derivation,observed,binary,1,,M6-evaluator-v1,observed,binary,1,decimal,,Menschliche lokale Selbstauskunft,observed,binary,1,decimal,,Menschliche lokale Selbstauskunft,observed,binary,1,decimal,,Menschliche lokale Selbstauskunft,observed,binary,1,decimal,,M6-evaluator-v1,observed,binary,1,decimal,M7 exact derivation,observed,binary,0,1ca34094-ee4d-5962-a78a-174d361a9cd3,False,,45,Not collected,not_collected,s,,6,Not collected,not_collected,s,,0.116032050,USD,0.116032050,known,Not collected,not_collected,s,,Not collected,not_collected,s,,Not collected,not_collected,s,,Not collected,not_collected,s,,,19171de9-f464-4770-96ab-b20be9c027d8,observed,s,0,decimal,,19171de9-f464-4770-96ab-b20be9c027d8,observed,s,0,decimal,,19171de9-f464-4770-96ab-b20be9c027d8,observed,s,474.656271634,decimal,1,Not collected,not_collected,s,,Not collected,not_collected,s,,"[""d40509bb-c467-465b-89cf-e03eef22440d"",""e853ba90-5e1b-4de4-a037-89b158432722"",""10dd2717-0323-4a88-9aa1-a8715cf48269"",""b722a42c-eaa6-44dd-b40e-c45885047748"",""ff0b2fcf-94d2-4ee0-8f8b-20eaf6ed98f7"",""55fb8105-b20c-4535-9725-e60c22089476""]",0,complete,tokens,"[""d40509bb-c467-465b-89cf-e03eef22440d"",""e853ba90-5e1b-4de4-a037-89b158432722"",""10dd2717-0323-4a88-9aa1-a8715cf48269"",""b722a42c-eaa6-44dd-b40e-c45885047748"",""ff0b2fcf-94d2-4ee0-8f8b-20eaf6ed98f7"",""55fb8105-b20c-4535-9725-e60c22089476""]",0,"[""d40509bb-c467-465b-89cf-e03eef22440d"",""e853ba90-5e1b-4de4-a037-89b158432722"",""10dd2717-0323-4a88-9aa1-a8715cf48269"",""b722a42c-eaa6-44dd-b40e-c45885047748"",""ff0b2fcf-94d2-4ee0-8f8b-20eaf6ed98f7"",""55fb8105-b20c-4535-9725-e60c22089476""]",845962,complete,tokens,"[""d40509bb-c467-465b-89cf-e03eef22440d"",""e853ba90-5e1b-4de4-a037-89b158432722"",""10dd2717-0323-4a88-9aa1-a8715cf48269"",""b722a42c-eaa6-44dd-b40e-c45885047748"",""ff0b2fcf-94d2-4ee0-8f8b-20eaf6ed98f7"",""55fb8105-b20c-4535-9725-e60c22089476""]",845962,"[""d40509bb-c467-465b-89cf-e03eef22440d"",""e853ba90-5e1b-4de4-a037-89b158432722"",""10dd2717-0323-4a88-9aa1-a8715cf48269"",""b722a42c-eaa6-44dd-b40e-c45885047748"",""ff0b2fcf-94d2-4ee0-8f8b-20eaf6ed98f7"",""55fb8105-b20c-4535-9725-e60c22089476""]",845980,complete,tokens,"[""d40509bb-c467-465b-89cf-e03eef22440d"",""e853ba90-5e1b-4de4-a037-89b158432722"",""10dd2717-0323-4a88-9aa1-a8715cf48269"",""b722a42c-eaa6-44dd-b40e-c45885047748"",""ff0b2fcf-94d2-4ee0-8f8b-20eaf6ed98f7"",""55fb8105-b20c-4535-9725-e60c22089476""]",845980,"[""d40509bb-c467-465b-89cf-e03eef22440d"",""e853ba90-5e1b-4de4-a037-89b158432722"",""10dd2717-0323-4a88-9aa1-a8715cf48269"",""b722a42c-eaa6-44dd-b40e-c45885047748"",""ff0b2fcf-94d2-4ee0-8f8b-20eaf6ed98f7"",""55fb8105-b20c-4535-9725-e60c22089476""]",,missing,tokens,[],,"[""d40509bb-c467-465b-89cf-e03eef22440d"",""e853ba90-5e1b-4de4-a037-89b158432722"",""10dd2717-0323-4a88-9aa1-a8715cf48269"",""b722a42c-eaa6-44dd-b40e-c45885047748"",""ff0b2fcf-94d2-4ee0-8f8b-20eaf6ed98f7"",""55fb8105-b20c-4535-9725-e60c22089476""]",20570,complete,tokens,"[""d40509bb-c467-465b-89cf-e03eef22440d"",""e853ba90-5e1b-4de4-a037-89b158432722"",""10dd2717-0323-4a88-9aa1-a8715cf48269"",""b722a42c-eaa6-44dd-b40e-c45885047748"",""ff0b2fcf-94d2-4ee0-8f8b-20eaf6ed98f7"",""55fb8105-b20c-4535-9725-e60c22089476""]",20570,"[""d40509bb-c467-465b-89cf-e03eef22440d"",""e853ba90-5e1b-4de4-a037-89b158432722"",""10dd2717-0323-4a88-9aa1-a8715cf48269"",""b722a42c-eaa6-44dd-b40e-c45885047748"",""ff0b2fcf-94d2-4ee0-8f8b-20eaf6ed98f7"",""55fb8105-b20c-4535-9725-e60c22089476""]",10580,complete,tokens,"[""d40509bb-c467-465b-89cf-e03eef22440d"",""e853ba90-5e1b-4de4-a037-89b158432722"",""10dd2717-0323-4a88-9aa1-a8715cf48269"",""b722a42c-eaa6-44dd-b40e-c45885047748"",""ff0b2fcf-94d2-4ee0-8f8b-20eaf6ed98f7"",""55fb8105-b20c-4535-9725-e60c22089476""]",10580,"[""d40509bb-c467-465b-89cf-e03eef22440d"",""e853ba90-5e1b-4de4-a037-89b158432722"",""10dd2717-0323-4a88-9aa1-a8715cf48269"",""b722a42c-eaa6-44dd-b40e-c45885047748"",""ff0b2fcf-94d2-4ee0-8f8b-20eaf6ed98f7"",""55fb8105-b20c-4535-9725-e60c22089476""]",866550,complete,tokens,"[""d40509bb-c467-465b-89cf-e03eef22440d"",""e853ba90-5e1b-4de4-a037-89b158432722"",""10dd2717-0323-4a88-9aa1-a8715cf48269"",""b722a42c-eaa6-44dd-b40e-c45885047748"",""ff0b2fcf-94d2-4ee0-8f8b-20eaf6ed98f7"",""55fb8105-b20c-4535-9725-e60c22089476""]",866550,,19171de9-f464-4770-96ab-b20be9c027d8,observed,s,474.656271634,decimal,6,6bbe94d3-45b9-4203-be9d-d1c1c93b2869,79509eca-fb77-4867-8bad-f58e9318e6dc,2026-10-07T22:19:57.333728Z,complete,terminal,,F derived from result binding a4f80964933f2c6843e1a3ddd9f1d2bb29abcdf2cebfebf80232bf73f5bf1807,observed,F,1/3,text,sealed,content_failure,M7 exact derivation,observed,diagnoses,4,M7 exact derivation,observed,lines,100,1,4,M7 exact derivation,observed,diagnoses_per_100_lines,4,True,mixed: explicit per observation
M7-analysis-v5,7753dd3d-102a-5383-af77-d7047c6a615f,5,e69a389b85bb3f5d5e8e0358da9e10571b709538eded76ca43c8eb44718fff38,C-BF-1,202e1e0a33d9d0d7b92585572740cd6b1ca70f7699cac883e8579e11bac45057,651e080b-10b7-40ff-9204-1dd148ce6638,dbb63e68d4ed9e904fa985aa5b88d674205b6caab086a8d981ac8918a9c68fb5,"[""4afc763c-033e-501c-9c9c-453207d31e62"",""1fed9611-d0cc-51e5-86e7-4ba237c836a2"",""0e4d4039-5409-5be7-a300-ded85e9c22d7"",""1c4afc6f-6679-57b7-ab6b-cec3053e85a1"",""76216ff6-0dab-5f43-913f-741c2deb7596"",""fe7c5fea-171a-5d3e-b93c-b9d53dca7c67"",""784c942d-b222-5013-a2e4-de4aa477a143"",""2f2d84f4-6f41-5df7-a828-cc0a3d9cdddf"",""c68f6332-f200-5595-940d-e5bcad78f1fe"",""54c3aba8-cb42-5023-9591-5cdd68bdd7c5"",""b9ac296e-4c6c-5cdc-9e03-14868c124af2"",""022ddff9-4332-5ba5-b884-42537f220a0c"",""0d262496-18e1-5973-84a6-84fbda64d0ff"",""447860c8-1d56-518b-88ad-7e103990b756"",""616ecfda-7163-5a8d-ba60-01f623d8b124"",""656bacfc-b102-5379-8db2-2f9f127621e0"",""88f2e658-6155-5924-bc85-63fe2aabb08a"",""9f032fb3-90ca-5749-aff5-1065077ac10e"",""4d2e4005-a84b-525b-a492-d367c5e405d0"",""12b20e20-e117-5c00-83bc-e589b92b730e"",""e97a5398-37b9-5e89-91a9-9b3ae48d9534"",""7a8f92c5-5f85-593a-bf90-08e13c60a2e6"",""aa66f5e3-ac0e-57d6-9b69-aa54ea7c4fb9"",""d07b7490-853e-562b-b662-305e89e7718d"",""596c0800-372d-5056-8a35-9f8661656bf4"",""d08816e6-d4d6-5f35-9de3-d86528fa7a96"",""2e126757-f17e-5ee2-93db-94d31ed944b2"",""5e1af4e2-330f-563f-b639-2d3cd8d276c8"",""49cd1889-2a56-5913-8723-929335f68874"",""82b898ba-3b6d-567f-8996-4f259b74547e"",""d38eb7d2-e78b-5c2f-93e4-2e34846e80e6"",""33effc64-dcfe-5ced-badf-c4df49f68dc1"",""a3a03b99-34c0-504b-b529-32b798db318a"",""8b3ec7b0-123f-5597-95f7-1fafc5810d01"",""035c5442-19b8-5a84-8a59-b352a9660279"",""d6d45010-72fa-5741-b733-88958a8795d2"",""ab8215e5-b753-5a6a-a4e7-ad9caf42eeac"",""1b20061c-b208-551a-b06c-81ffeff623fc"",""9b6d0913-2ae6-5dab-ab36-d05e1c51b208"",""a27c1fb2-edc1-57e6-9d74-adb5a13fed3b"",""4696448b-8c21-591b-80cc-7344ea0b95ec"",""c1d75a33-928c-5636-b99c-def1fb29e0f5"",""61eebfb6-2555-5bce-ba71-7a750427392a"",""aba074a1-d451-595d-bc12-e257adbe7383"",""1ca34094-ee4d-5962-a78a-174d361a9cd3"",""7edb0577-da07-5c6f-8391-bb90e9822165"",""d7c5d484-54dc-5d1e-a3ac-65d60267a12c"",""f416cc8b-3bc2-5c4c-a91c-c56faf748684""]",1,1,M7 exact derivation,observed,ratio,1,M7 exact derivation,observed,binary,1,M7 exact derivation,observed,binary,1,M7 exact derivation,observed,binary,1,M7 exact derivation,observed,binary,1,M7 exact derivation,observed,binary,1,M7 exact derivation,observed,binary,1,M7 exact derivation,observed,binary,1,,M6-evaluator-v1,observed,binary,1,decimal,,Menschliche lokale Selbstauskunft,observed,binary,1,decimal,,Menschliche lokale Selbstauskunft,observed,binary,1,decimal,,Menschliche lokale Selbstauskunft,observed,binary,1,decimal,,M6-evaluator-v1,observed,binary,1,decimal,M7 exact derivation,observed,binary,1,7edb0577-da07-5c6f-8391-bb90e9822165,False,,46,Not collected,not_collected,s,,6,Not collected,not_collected,s,,0.117272175,USD,0.117272175,known,Not collected,not_collected,s,,Not collected,not_collected,s,,Not collected,not_collected,s,,Not collected,not_collected,s,,,2365cbf7-945c-4cf0-b48a-d16d730ed425,observed,s,0,decimal,,2365cbf7-945c-4cf0-b48a-d16d730ed425,observed,s,0,decimal,,2365cbf7-945c-4cf0-b48a-d16d730ed425,observed,s,468.344924797,decimal,1,Not collected,not_collected,s,,Not collected,not_collected,s,,"[""6466b677-10b9-4316-beea-90f832211655"",""62f84f6f-5134-4488-abf1-0afbac5c471f"",""ffae785a-f25d-4aba-b52b-3c5b5098ae41"",""a8e688af-fd1f-4820-bd17-ee31905fb140"",""e269258a-7781-4423-9091-cb6afaf9e9f4"",""88a69024-6e90-4934-960e-e51b1e826a76""]",0,complete,tokens,"[""6466b677-10b9-4316-beea-90f832211655"",""62f84f6f-5134-4488-abf1-0afbac5c471f"",""ffae785a-f25d-4aba-b52b-3c5b5098ae41"",""a8e688af-fd1f-4820-bd17-ee31905fb140"",""e269258a-7781-4423-9091-cb6afaf9e9f4"",""88a69024-6e90-4934-960e-e51b1e826a76""]",0,"[""6466b677-10b9-4316-beea-90f832211655"",""62f84f6f-5134-4488-abf1-0afbac5c471f"",""ffae785a-f25d-4aba-b52b-3c5b5098ae41"",""a8e688af-fd1f-4820-bd17-ee31905fb140"",""e269258a-7781-4423-9091-cb6afaf9e9f4"",""88a69024-6e90-4934-960e-e51b1e826a76""]",860795,complete,tokens,"[""6466b677-10b9-4316-beea-90f832211655"",""62f84f6f-5134-4488-abf1-0afbac5c471f"",""ffae785a-f25d-4aba-b52b-3c5b5098ae41"",""a8e688af-fd1f-4820-bd17-ee31905fb140"",""e269258a-7781-4423-9091-cb6afaf9e9f4"",""88a69024-6e90-4934-960e-e51b1e826a76""]",860795,"[""6466b677-10b9-4316-beea-90f832211655"",""62f84f6f-5134-4488-abf1-0afbac5c471f"",""ffae785a-f25d-4aba-b52b-3c5b5098ae41"",""a8e688af-fd1f-4820-bd17-ee31905fb140"",""e269258a-7781-4423-9091-cb6afaf9e9f4"",""88a69024-6e90-4934-960e-e51b1e826a76""]",860813,complete,tokens,"[""6466b677-10b9-4316-beea-90f832211655"",""62f84f6f-5134-4488-abf1-0afbac5c471f"",""ffae785a-f25d-4aba-b52b-3c5b5098ae41"",""a8e688af-fd1f-4820-bd17-ee31905fb140"",""e269258a-7781-4423-9091-cb6afaf9e9f4"",""88a69024-6e90-4934-960e-e51b1e826a76""]",860813,"[""6466b677-10b9-4316-beea-90f832211655"",""62f84f6f-5134-4488-abf1-0afbac5c471f"",""ffae785a-f25d-4aba-b52b-3c5b5098ae41"",""a8e688af-fd1f-4820-bd17-ee31905fb140"",""e269258a-7781-4423-9091-cb6afaf9e9f4"",""88a69024-6e90-4934-960e-e51b1e826a76""]",,missing,tokens,[],,"[""6466b677-10b9-4316-beea-90f832211655"",""62f84f6f-5134-4488-abf1-0afbac5c471f"",""ffae785a-f25d-4aba-b52b-3c5b5098ae41"",""a8e688af-fd1f-4820-bd17-ee31905fb140"",""e269258a-7781-4423-9091-cb6afaf9e9f4"",""88a69024-6e90-4934-960e-e51b1e826a76""]",19342,complete,tokens,"[""6466b677-10b9-4316-beea-90f832211655"",""62f84f6f-5134-4488-abf1-0afbac5c471f"",""ffae785a-f25d-4aba-b52b-3c5b5098ae41"",""a8e688af-fd1f-4820-bd17-ee31905fb140"",""e269258a-7781-4423-9091-cb6afaf9e9f4"",""88a69024-6e90-4934-960e-e51b1e826a76""]",19342,"[""6466b677-10b9-4316-beea-90f832211655"",""62f84f6f-5134-4488-abf1-0afbac5c471f"",""ffae785a-f25d-4aba-b52b-3c5b5098ae41"",""a8e688af-fd1f-4820-bd17-ee31905fb140"",""e269258a-7781-4423-9091-cb6afaf9e9f4"",""88a69024-6e90-4934-960e-e51b1e826a76""]",9493,complete,tokens,"[""6466b677-10b9-4316-beea-90f832211655"",""62f84f6f-5134-4488-abf1-0afbac5c471f"",""ffae785a-f25d-4aba-b52b-3c5b5098ae41"",""a8e688af-fd1f-4820-bd17-ee31905fb140"",""e269258a-7781-4423-9091-cb6afaf9e9f4"",""88a69024-6e90-4934-960e-e51b1e826a76""]",9493,"[""6466b677-10b9-4316-beea-90f832211655"",""62f84f6f-5134-4488-abf1-0afbac5c471f"",""ffae785a-f25d-4aba-b52b-3c5b5098ae41"",""a8e688af-fd1f-4820-bd17-ee31905fb140"",""e269258a-7781-4423-9091-cb6afaf9e9f4"",""88a69024-6e90-4934-960e-e51b1e826a76""]",880155,complete,tokens,"[""6466b677-10b9-4316-beea-90f832211655"",""62f84f6f-5134-4488-abf1-0afbac5c471f"",""ffae785a-f25d-4aba-b52b-3c5b5098ae41"",""a8e688af-fd1f-4820-bd17-ee31905fb140"",""e269258a-7781-4423-9091-cb6afaf9e9f4"",""88a69024-6e90-4934-960e-e51b1e826a76""]",880155,,2365cbf7-945c-4cf0-b48a-d16d730ed425,observed,s,468.344924797,decimal,6,65ab8c0f-8e90-4b88-8520-97b2399c3ba2,7480b100-1434-4688-9467-9cc2703d95fc,2026-10-07T22:42:15.450003Z,complete,terminal,,F derived from result binding 89baa89f2cd31193f36169d241871d70b905bd62fe30533ee34f38b7ab31cae8,observed,F,1,text,sealed,content_failure,M7 exact derivation,observed,diagnoses,0,M7 exact derivation,observed,lines,61,1,0,M7 exact derivation,observed,diagnoses_per_100_lines,0,True,mixed: explicit per observation
M7-analysis-v5,7753dd3d-102a-5383-af77-d7047c6a615f,5,af64451f35d73e78d45599c56b254ad16f027493556fd397ad7b9cae48a9ba82,C-SQL-0,0294f6c032f413f4245e83b15db52ab8f50ccfa6163f315fda209ab5b27f96be,a132b12b-e7a2-4837-8603-2cfe9fd0228c,dbb63e68d4ed9e904fa985aa5b88d674205b6caab086a8d981ac8918a9c68fb5,"[""4afc763c-033e-501c-9c9c-453207d31e62"",""1fed9611-d0cc-51e5-86e7-4ba237c836a2"",""0e4d4039-5409-5be7-a300-ded85e9c22d7"",""1c4afc6f-6679-57b7-ab6b-cec3053e85a1"",""76216ff6-0dab-5f43-913f-741c2deb7596"",""fe7c5fea-171a-5d3e-b93c-b9d53dca7c67"",""784c942d-b222-5013-a2e4-de4aa477a143"",""2f2d84f4-6f41-5df7-a828-cc0a3d9cdddf"",""c68f6332-f200-5595-940d-e5bcad78f1fe"",""54c3aba8-cb42-5023-9591-5cdd68bdd7c5"",""b9ac296e-4c6c-5cdc-9e03-14868c124af2"",""022ddff9-4332-5ba5-b884-42537f220a0c"",""0d262496-18e1-5973-84a6-84fbda64d0ff"",""447860c8-1d56-518b-88ad-7e103990b756"",""616ecfda-7163-5a8d-ba60-01f623d8b124"",""656bacfc-b102-5379-8db2-2f9f127621e0"",""88f2e658-6155-5924-bc85-63fe2aabb08a"",""9f032fb3-90ca-5749-aff5-1065077ac10e"",""4d2e4005-a84b-525b-a492-d367c5e405d0"",""12b20e20-e117-5c00-83bc-e589b92b730e"",""e97a5398-37b9-5e89-91a9-9b3ae48d9534"",""7a8f92c5-5f85-593a-bf90-08e13c60a2e6"",""aa66f5e3-ac0e-57d6-9b69-aa54ea7c4fb9"",""d07b7490-853e-562b-b662-305e89e7718d"",""596c0800-372d-5056-8a35-9f8661656bf4"",""d08816e6-d4d6-5f35-9de3-d86528fa7a96"",""2e126757-f17e-5ee2-93db-94d31ed944b2"",""5e1af4e2-330f-563f-b639-2d3cd8d276c8"",""49cd1889-2a56-5913-8723-929335f68874"",""82b898ba-3b6d-567f-8996-4f259b74547e"",""d38eb7d2-e78b-5c2f-93e4-2e34846e80e6"",""33effc64-dcfe-5ced-badf-c4df49f68dc1"",""a3a03b99-34c0-504b-b529-32b798db318a"",""8b3ec7b0-123f-5597-95f7-1fafc5810d01"",""035c5442-19b8-5a84-8a59-b352a9660279"",""d6d45010-72fa-5741-b733-88958a8795d2"",""ab8215e5-b753-5a6a-a4e7-ad9caf42eeac"",""1b20061c-b208-551a-b06c-81ffeff623fc"",""9b6d0913-2ae6-5dab-ab36-d05e1c51b208"",""a27c1fb2-edc1-57e6-9d74-adb5a13fed3b"",""4696448b-8c21-591b-80cc-7344ea0b95ec"",""c1d75a33-928c-5636-b99c-def1fb29e0f5"",""61eebfb6-2555-5bce-ba71-7a750427392a"",""aba074a1-d451-595d-bc12-e257adbe7383"",""1ca34094-ee4d-5962-a78a-174d361a9cd3"",""7edb0577-da07-5c6f-8391-bb90e9822165"",""d7c5d484-54dc-5d1e-a3ac-65d60267a12c"",""f416cc8b-3bc2-5c4c-a91c-c56faf748684""]",1,1,M7 exact derivation,observed,ratio,1,M7 exact derivation,observed,binary,1,M7 exact derivation,observed,binary,1,M7 exact derivation,observed,binary,1,M7 exact derivation,observed,binary,1,M7 exact derivation,observed,binary,1,M7 exact derivation,observed,binary,1,M7 exact derivation,observed,binary,1,,M6-evaluator-v1,observed,binary,1,decimal,,Menschliche lokale Selbstauskunft,observed,binary,1,decimal,,Menschliche lokale Selbstauskunft,observed,binary,1,decimal,,Menschliche lokale Selbstauskunft,observed,binary,1,decimal,,M6-evaluator-v1,observed,binary,1,decimal,M7 exact derivation,observed,binary,1,d7c5d484-54dc-5d1e-a3ac-65d60267a12c,False,,47,Not collected,not_collected,s,,6,Not collected,not_collected,s,,0.111630300,USD,0.111630300,known,Not collected,not_collected,s,,Not collected,not_collected,s,,Not collected,not_collected,s,,Not collected,not_collected,s,,,ed579eed-b321-4ad5-a78b-08a010244142,observed,s,0,decimal,,ed579eed-b321-4ad5-a78b-08a010244142,observed,s,0,decimal,,ed579eed-b321-4ad5-a78b-08a010244142,observed,s,454.332124416,decimal,1,Not collected,not_collected,s,,Not collected,not_collected,s,,"[""4c22b785-51c0-448d-8333-39e9fe1b2403"",""94f4544b-97fd-4970-8507-5380e53539b7"",""76c2cc3b-68fb-46ff-b12c-3977690edf3d"",""52cfe134-72e3-403a-9a36-a79efa76d93a"",""642b727f-e740-41ff-a0d5-ff150268b45f"",""e0436472-dc7d-4da9-ad55-b792d3003aa2""]",0,complete,tokens,"[""4c22b785-51c0-448d-8333-39e9fe1b2403"",""94f4544b-97fd-4970-8507-5380e53539b7"",""76c2cc3b-68fb-46ff-b12c-3977690edf3d"",""52cfe134-72e3-403a-9a36-a79efa76d93a"",""642b727f-e740-41ff-a0d5-ff150268b45f"",""e0436472-dc7d-4da9-ad55-b792d3003aa2""]",0,"[""4c22b785-51c0-448d-8333-39e9fe1b2403"",""94f4544b-97fd-4970-8507-5380e53539b7"",""76c2cc3b-68fb-46ff-b12c-3977690edf3d"",""52cfe134-72e3-403a-9a36-a79efa76d93a"",""642b727f-e740-41ff-a0d5-ff150268b45f"",""e0436472-dc7d-4da9-ad55-b792d3003aa2""]",841704,complete,tokens,"[""4c22b785-51c0-448d-8333-39e9fe1b2403"",""94f4544b-97fd-4970-8507-5380e53539b7"",""76c2cc3b-68fb-46ff-b12c-3977690edf3d"",""52cfe134-72e3-403a-9a36-a79efa76d93a"",""642b727f-e740-41ff-a0d5-ff150268b45f"",""e0436472-dc7d-4da9-ad55-b792d3003aa2""]",841704,"[""4c22b785-51c0-448d-8333-39e9fe1b2403"",""94f4544b-97fd-4970-8507-5380e53539b7"",""76c2cc3b-68fb-46ff-b12c-3977690edf3d"",""52cfe134-72e3-403a-9a36-a79efa76d93a"",""642b727f-e740-41ff-a0d5-ff150268b45f"",""e0436472-dc7d-4da9-ad55-b792d3003aa2""]",841722,complete,tokens,"[""4c22b785-51c0-448d-8333-39e9fe1b2403"",""94f4544b-97fd-4970-8507-5380e53539b7"",""76c2cc3b-68fb-46ff-b12c-3977690edf3d"",""52cfe134-72e3-403a-9a36-a79efa76d93a"",""642b727f-e740-41ff-a0d5-ff150268b45f"",""e0436472-dc7d-4da9-ad55-b792d3003aa2""]",841722,"[""4c22b785-51c0-448d-8333-39e9fe1b2403"",""94f4544b-97fd-4970-8507-5380e53539b7"",""76c2cc3b-68fb-46ff-b12c-3977690edf3d"",""52cfe134-72e3-403a-9a36-a79efa76d93a"",""642b727f-e740-41ff-a0d5-ff150268b45f"",""e0436472-dc7d-4da9-ad55-b792d3003aa2""]",,missing,tokens,[],,"[""4c22b785-51c0-448d-8333-39e9fe1b2403"",""94f4544b-97fd-4970-8507-5380e53539b7"",""76c2cc3b-68fb-46ff-b12c-3977690edf3d"",""52cfe134-72e3-403a-9a36-a79efa76d93a"",""642b727f-e740-41ff-a0d5-ff150268b45f"",""e0436472-dc7d-4da9-ad55-b792d3003aa2""]",12831,complete,tokens,"[""4c22b785-51c0-448d-8333-39e9fe1b2403"",""94f4544b-97fd-4970-8507-5380e53539b7"",""76c2cc3b-68fb-46ff-b12c-3977690edf3d"",""52cfe134-72e3-403a-9a36-a79efa76d93a"",""642b727f-e740-41ff-a0d5-ff150268b45f"",""e0436472-dc7d-4da9-ad55-b792d3003aa2""]",12831,"[""4c22b785-51c0-448d-8333-39e9fe1b2403"",""94f4544b-97fd-4970-8507-5380e53539b7"",""76c2cc3b-68fb-46ff-b12c-3977690edf3d"",""52cfe134-72e3-403a-9a36-a79efa76d93a"",""642b727f-e740-41ff-a0d5-ff150268b45f"",""e0436472-dc7d-4da9-ad55-b792d3003aa2""]",6239,complete,tokens,"[""4c22b785-51c0-448d-8333-39e9fe1b2403"",""94f4544b-97fd-4970-8507-5380e53539b7"",""76c2cc3b-68fb-46ff-b12c-3977690edf3d"",""52cfe134-72e3-403a-9a36-a79efa76d93a"",""642b727f-e740-41ff-a0d5-ff150268b45f"",""e0436472-dc7d-4da9-ad55-b792d3003aa2""]",6239,"[""4c22b785-51c0-448d-8333-39e9fe1b2403"",""94f4544b-97fd-4970-8507-5380e53539b7"",""76c2cc3b-68fb-46ff-b12c-3977690edf3d"",""52cfe134-72e3-403a-9a36-a79efa76d93a"",""642b727f-e740-41ff-a0d5-ff150268b45f"",""e0436472-dc7d-4da9-ad55-b792d3003aa2""]",854553,complete,tokens,"[""4c22b785-51c0-448d-8333-39e9fe1b2403"",""94f4544b-97fd-4970-8507-5380e53539b7"",""76c2cc3b-68fb-46ff-b12c-3977690edf3d"",""52cfe134-72e3-403a-9a36-a79efa76d93a"",""642b727f-e740-41ff-a0d5-ff150268b45f"",""e0436472-dc7d-4da9-ad55-b792d3003aa2""]",854553,,ed579eed-b321-4ad5-a78b-08a010244142,observed,s,454.332124416,decimal,6,9d2a8092-df15-47cc-bd7a-a5f32ea63b35,527b703a-065c-40bc-b39f-5134419a462f,2026-10-08T00:56:48.542403Z,complete,terminal,,F derived from result binding 02f483edec7d4f486d73ef16f62598551d742a3e921319c4e01d3bc37d142960,observed,F,1,text,sealed,finished,M7 exact derivation,observed,diagnoses,0,M7 exact derivation,observed,lines,37,1,0,M7 exact derivation,observed,diagnoses_per_100_lines,0,True,mixed: explicit per observation
M7-analysis-v5,7753dd3d-102a-5383-af77-d7047c6a615f,5,5e2cd784e68194e6618d1eb854a2f1d53c92faa75346b94870e0f79c1d33a8fc,C-SQL-1,27b8151da86242809dca0369f6ae8205b3d9e19866f42442c95f91863350f15a,6f7f3a3c-8647-488b-b587-d1d430125ce9,dbb63e68d4ed9e904fa985aa5b88d674205b6caab086a8d981ac8918a9c68fb5,"[""4afc763c-033e-501c-9c9c-453207d31e62"",""1fed9611-d0cc-51e5-86e7-4ba237c836a2"",""0e4d4039-5409-5be7-a300-ded85e9c22d7"",""1c4afc6f-6679-57b7-ab6b-cec3053e85a1"",""76216ff6-0dab-5f43-913f-741c2deb7596"",""fe7c5fea-171a-5d3e-b93c-b9d53dca7c67"",""784c942d-b222-5013-a2e4-de4aa477a143"",""2f2d84f4-6f41-5df7-a828-cc0a3d9cdddf"",""c68f6332-f200-5595-940d-e5bcad78f1fe"",""54c3aba8-cb42-5023-9591-5cdd68bdd7c5"",""b9ac296e-4c6c-5cdc-9e03-14868c124af2"",""022ddff9-4332-5ba5-b884-42537f220a0c"",""0d262496-18e1-5973-84a6-84fbda64d0ff"",""447860c8-1d56-518b-88ad-7e103990b756"",""616ecfda-7163-5a8d-ba60-01f623d8b124"",""656bacfc-b102-5379-8db2-2f9f127621e0"",""88f2e658-6155-5924-bc85-63fe2aabb08a"",""9f032fb3-90ca-5749-aff5-1065077ac10e"",""4d2e4005-a84b-525b-a492-d367c5e405d0"",""12b20e20-e117-5c00-83bc-e589b92b730e"",""e97a5398-37b9-5e89-91a9-9b3ae48d9534"",""7a8f92c5-5f85-593a-bf90-08e13c60a2e6"",""aa66f5e3-ac0e-57d6-9b69-aa54ea7c4fb9"",""d07b7490-853e-562b-b662-305e89e7718d"",""596c0800-372d-5056-8a35-9f8661656bf4"",""d08816e6-d4d6-5f35-9de3-d86528fa7a96"",""2e126757-f17e-5ee2-93db-94d31ed944b2"",""5e1af4e2-330f-563f-b639-2d3cd8d276c8"",""49cd1889-2a56-5913-8723-929335f68874"",""82b898ba-3b6d-567f-8996-4f259b74547e"",""d38eb7d2-e78b-5c2f-93e4-2e34846e80e6"",""33effc64-dcfe-5ced-badf-c4df49f68dc1"",""a3a03b99-34c0-504b-b529-32b798db318a"",""8b3ec7b0-123f-5597-95f7-1fafc5810d01"",""035c5442-19b8-5a84-8a59-b352a9660279"",""d6d45010-72fa-5741-b733-88958a8795d2"",""ab8215e5-b753-5a6a-a4e7-ad9caf42eeac"",""1b20061c-b208-551a-b06c-81ffeff623fc"",""9b6d0913-2ae6-5dab-ab36-d05e1c51b208"",""a27c1fb2-edc1-57e6-9d74-adb5a13fed3b"",""4696448b-8c21-591b-80cc-7344ea0b95ec"",""c1d75a33-928c-5636-b99c-def1fb29e0f5"",""61eebfb6-2555-5bce-ba71-7a750427392a"",""aba074a1-d451-595d-bc12-e257adbe7383"",""1ca34094-ee4d-5962-a78a-174d361a9cd3"",""7edb0577-da07-5c6f-8391-bb90e9822165"",""d7c5d484-54dc-5d1e-a3ac-65d60267a12c"",""f416cc8b-3bc2-5c4c-a91c-c56faf748684""]",1,1,M7 exact derivation,observed,ratio,1,M7 exact derivation,observed,binary,1,M7 exact derivation,observed,binary,1,M7 exact derivation,observed,binary,1,M7 exact derivation,observed,binary,1,M7 exact derivation,observed,binary,1,M7 exact derivation,observed,binary,1,M7 exact derivation,observed,binary,1,,M6-evaluator-v1,observed,binary,1,decimal,,Menschliche lokale Selbstauskunft,observed,binary,1,decimal,,Menschliche lokale Selbstauskunft,observed,binary,1,decimal,,Menschliche lokale Selbstauskunft,observed,binary,1,decimal,,M6-evaluator-v1,observed,binary,1,decimal,M7 exact derivation,observed,binary,1,f416cc8b-3bc2-5c4c-a91c-c56faf748684,False,,48,Not collected,not_collected,s,,6,Not collected,not_collected,s,,0.113460675,USD,0.113460675,known,Not collected,not_collected,s,,Not collected,not_collected,s,,Not collected,not_collected,s,,Not collected,not_collected,s,,,d449c9d0-96ec-4707-b0e2-33ed426aacd7,observed,s,0,decimal,,d449c9d0-96ec-4707-b0e2-33ed426aacd7,observed,s,0,decimal,,d449c9d0-96ec-4707-b0e2-33ed426aacd7,observed,s,405.176732267,decimal,1,Not collected,not_collected,s,,Not collected,not_collected,s,,"[""a2edda9e-5083-4eac-98f4-bc667e19e34c"",""d1a0030e-bcee-4dc0-99f2-78d91b585c11"",""4b02cb2b-f964-4613-9f30-bfe68221ac99"",""76d3950e-a3d8-47dc-ae5c-b8e7d3d4233e"",""d19966b2-f6ee-4070-b2d8-81d4b19b1d83"",""e785aae8-0440-4e0e-aeb6-a6ddae731295""]",0,complete,tokens,"[""a2edda9e-5083-4eac-98f4-bc667e19e34c"",""d1a0030e-bcee-4dc0-99f2-78d91b585c11"",""4b02cb2b-f964-4613-9f30-bfe68221ac99"",""76d3950e-a3d8-47dc-ae5c-b8e7d3d4233e"",""d19966b2-f6ee-4070-b2d8-81d4b19b1d83"",""e785aae8-0440-4e0e-aeb6-a6ddae731295""]",0,"[""a2edda9e-5083-4eac-98f4-bc667e19e34c"",""d1a0030e-bcee-4dc0-99f2-78d91b585c11"",""4b02cb2b-f964-4613-9f30-bfe68221ac99"",""76d3950e-a3d8-47dc-ae5c-b8e7d3d4233e"",""d19966b2-f6ee-4070-b2d8-81d4b19b1d83"",""e785aae8-0440-4e0e-aeb6-a6ddae731295""]",857799,complete,tokens,"[""a2edda9e-5083-4eac-98f4-bc667e19e34c"",""d1a0030e-bcee-4dc0-99f2-78d91b585c11"",""4b02cb2b-f964-4613-9f30-bfe68221ac99"",""76d3950e-a3d8-47dc-ae5c-b8e7d3d4233e"",""d19966b2-f6ee-4070-b2d8-81d4b19b1d83"",""e785aae8-0440-4e0e-aeb6-a6ddae731295""]",857799,"[""a2edda9e-5083-4eac-98f4-bc667e19e34c"",""d1a0030e-bcee-4dc0-99f2-78d91b585c11"",""4b02cb2b-f964-4613-9f30-bfe68221ac99"",""76d3950e-a3d8-47dc-ae5c-b8e7d3d4233e"",""d19966b2-f6ee-4070-b2d8-81d4b19b1d83"",""e785aae8-0440-4e0e-aeb6-a6ddae731295""]",857817,complete,tokens,"[""a2edda9e-5083-4eac-98f4-bc667e19e34c"",""d1a0030e-bcee-4dc0-99f2-78d91b585c11"",""4b02cb2b-f964-4613-9f30-bfe68221ac99"",""76d3950e-a3d8-47dc-ae5c-b8e7d3d4233e"",""d19966b2-f6ee-4070-b2d8-81d4b19b1d83"",""e785aae8-0440-4e0e-aeb6-a6ddae731295""]",857817,"[""a2edda9e-5083-4eac-98f4-bc667e19e34c"",""d1a0030e-bcee-4dc0-99f2-78d91b585c11"",""4b02cb2b-f964-4613-9f30-bfe68221ac99"",""76d3950e-a3d8-47dc-ae5c-b8e7d3d4233e"",""d19966b2-f6ee-4070-b2d8-81d4b19b1d83"",""e785aae8-0440-4e0e-aeb6-a6ddae731295""]",,missing,tokens,[],,"[""a2edda9e-5083-4eac-98f4-bc667e19e34c"",""d1a0030e-bcee-4dc0-99f2-78d91b585c11"",""4b02cb2b-f964-4613-9f30-bfe68221ac99"",""76d3950e-a3d8-47dc-ae5c-b8e7d3d4233e"",""d19966b2-f6ee-4070-b2d8-81d4b19b1d83"",""e785aae8-0440-4e0e-aeb6-a6ddae731295""]",12468,complete,tokens,"[""a2edda9e-5083-4eac-98f4-bc667e19e34c"",""d1a0030e-bcee-4dc0-99f2-78d91b585c11"",""4b02cb2b-f964-4613-9f30-bfe68221ac99"",""76d3950e-a3d8-47dc-ae5c-b8e7d3d4233e"",""d19966b2-f6ee-4070-b2d8-81d4b19b1d83"",""e785aae8-0440-4e0e-aeb6-a6ddae731295""]",12468,"[""a2edda9e-5083-4eac-98f4-bc667e19e34c"",""d1a0030e-bcee-4dc0-99f2-78d91b585c11"",""4b02cb2b-f964-4613-9f30-bfe68221ac99"",""76d3950e-a3d8-47dc-ae5c-b8e7d3d4233e"",""d19966b2-f6ee-4070-b2d8-81d4b19b1d83"",""e785aae8-0440-4e0e-aeb6-a6ddae731295""]",5029,complete,tokens,"[""a2edda9e-5083-4eac-98f4-bc667e19e34c"",""d1a0030e-bcee-4dc0-99f2-78d91b585c11"",""4b02cb2b-f964-4613-9f30-bfe68221ac99"",""76d3950e-a3d8-47dc-ae5c-b8e7d3d4233e"",""d19966b2-f6ee-4070-b2d8-81d4b19b1d83"",""e785aae8-0440-4e0e-aeb6-a6ddae731295""]",5029,"[""a2edda9e-5083-4eac-98f4-bc667e19e34c"",""d1a0030e-bcee-4dc0-99f2-78d91b585c11"",""4b02cb2b-f964-4613-9f30-bfe68221ac99"",""76d3950e-a3d8-47dc-ae5c-b8e7d3d4233e"",""d19966b2-f6ee-4070-b2d8-81d4b19b1d83"",""e785aae8-0440-4e0e-aeb6-a6ddae731295""]",870285,complete,tokens,"[""a2edda9e-5083-4eac-98f4-bc667e19e34c"",""d1a0030e-bcee-4dc0-99f2-78d91b585c11"",""4b02cb2b-f964-4613-9f30-bfe68221ac99"",""76d3950e-a3d8-47dc-ae5c-b8e7d3d4233e"",""d19966b2-f6ee-4070-b2d8-81d4b19b1d83"",""e785aae8-0440-4e0e-aeb6-a6ddae731295""]",870285,,d449c9d0-96ec-4707-b0e2-33ed426aacd7,observed,s,405.176732267,decimal,6,ca01d777-1bf3-4bae-96d4-974ae4f9359d,79622251-24db-4140-8645-c8b503fbf751,2026-10-08T01:32:49.746631Z,complete,terminal,,F derived from result binding 24c6dcc93016d76161c632be593b0735fa35f29543bae594cb89ea3c145105ba,observed,F,1,text,sealed,content_failure,M7 exact derivation,observed,diagnoses,0,M7 exact derivation,observed,lines,39,1,0,M7 exact derivation,observed,diagnoses_per_100_lines,0,True,mixed: explicit per observation
